-0.03	-0.04	-0.03	0.12	0.12	0.15	
-0.10	-0.12	-0.10	0.37	0.36	0.46	
-0.25	-0.29	-0.26	0.89	0.86	1.11	
-0.51	-0.56	-0.49	1.64	1.59	2.06	
-0.85	-0.91	-0.79	2.54	2.45	3.21	
-1.26	-1.30	-1.14	3.53	3.38	4.45	
-1.71	-1.72	-1.51	4.56	4.35	5.74	
-2.17	-2.15	-1.90	5.60	5.34	7.01	
-2.61	-2.57	-2.29	6.65	6.35	8.26	
-3.04	-2.96	-2.66	7.71	7.37	9.46	
-3.43	-3.33	-3.02	8.77	8.41	10.62	
-3.80	-3.67	-3.36	9.81	9.47	11.73	
-4.15	-3.99	-3.68	10.82	10.52	12.80	
-4.48	-4.30	-3.99	11.78	11.55	13.81	
-4.79	-4.60	-4.30	12.64	12.51	14.75	
-5.09	-4.89	-4.60	13.38	13.37	15.60	
-5.36	-5.17	-4.91	13.98	14.09	16.33	
-5.61	-5.42	-5.20	14.46	14.69	16.95	
-5.82	-5.64	-5.49	14.84	15.18	17.47	
-6.00	-5.84	-5.76	15.17	15.59	17.94	
-6.14	-6.00	-6.01	15.46	15.94	18.36	
-6.24	-6.14	-6.24	15.70	16.22	18.73	
-6.30	-6.23	-6.43	15.86	16.39	19.03	
-6.33	-6.30	-6.59	15.90	16.43	19.22	
-6.32	-6.32	-6.70	15.79	16.31	19.26	
-6.28	-6.32	-6.76	15.56	16.05	19.16	
-6.20	-6.29	-6.80	15.25	15.69	18.95	
-6.12	-6.26	-6.82	14.92	15.29	18.66	
-6.04	-6.23	-6.83	14.62	14.92	18.34	
-5.97	-6.22	-6.85	14.37	14.59	18.03	
-5.93	-6.24	-6.88	14.18	14.30	17.73	
-5.91	-6.28	-6.92	14.04	14.04	17.42	
-5.89	-6.32	-6.96	13.94	13.83	17.11	
-5.87	-6.36	-7.00	13.91	13.66	16.83	
-5.85	-6.39	-7.04	13.93	13.54	16.59	
-5.83	-6.43	-7.09	14.01	13.47	16.39	
-5.81	-6.46	-7.14	14.13	13.45	16.24	
-5.78	-6.49	-7.19	14.28	13.45	16.13	
-5.77	-6.52	-7.23	14.42	13.47	16.05	
-5.77	-6.55	-7.27	14.53	13.47	15.97	
-5.81	-6.61	-7.33	14.59	13.44	15.88	
-5.90	-6.68	-7.40	14.58	13.35	15.75	
-6.03	-6.78	-7.48	14.50	13.21	15.61	
-6.19	-6.88	-7.57	14.38	13.04	15.45	
-6.36	-6.98	-7.66	14.26	12.88	15.32	
-6.53	-7.08	-7.74	14.15	12.75	15.21	
-6.70	-7.18	-7.82	14.06	12.67	15.14	
-6.87	-7.27	-7.89	14.00	12.64	15.09	
-7.01	-7.35	-7.95	13.95	12.66	15.06	
-7.12	-7.40	-7.99	13.93	12.72	15.05	
-7.19	-7.41	-8.00	13.95	12.83	15.08	
-7.23	-7.40	-7.98	14.01	13.00	15.15	
-7.26	-7.39	-7.96	14.13	13.24	15.27	
-7.30	-7.38	-7.93	14.30	13.53	15.46	
-7.37	-7.39	-7.93	14.50	13.87	15.69	
-7.47	-7.43	-7.95	14.69	14.20	15.94	
-7.60	-7.51	-7.99	14.82	14.48	16.20	
-7.75	-7.61	-8.05	14.87	14.68	16.42	
-7.91	-7.72	-8.11	14.78	14.74	16.60	
-8.06	-7.82	-8.14	14.55	14.65	16.71	
-8.18	-7.88	-8.14	14.17	14.42	16.76	
-8.29	-7.93	-8.11	13.67	14.06	16.78	
-8.37	-7.95	-8.07	13.05	13.60	16.76	
-8.45	-7.95	-8.03	12.35	13.07	16.73	
-8.51	-7.95	-7.98	11.62	12.51	16.68	
-8.56	-7.94	-7.92	10.89	11.95	16.63	
-8.61	-7.93	-7.87	10.21	11.43	16.59	
-8.65	-7.91	-7.81	9.60	10.95	16.55	
-8.68	-7.88	-7.74	9.04	10.52	16.51	
-8.70	-7.85	-7.67	8.52	10.12	16.44	
-8.73	-7.83	-7.60	8.04	9.75	16.34	
-8.76	-7.82	-7.52	7.60	9.43	16.21	
-8.80	-7.83	-7.46	7.24	9.18	16.06	
-8.85	-7.86	-7.40	7.00	9.03	15.93	
-8.90	-7.89	-7.35	6.88	8.99	15.82	
-8.93	-7.91	-7.29	6.88	9.04	15.72	
-8.94	-7.91	-7.22	6.93	9.13	15.61	
-8.91	-7.88	-7.11	6.97	9.20	15.44	
-8.85	-7.82	-6.99	6.96	9.20	15.21	
-8.75	-7.74	-6.85	6.91	9.12	14.91	
-8.64	-7.64	-6.71	6.82	9.00	14.57	
-8.52	-7.54	-6.58	6.72	8.85	14.23	
-8.39	-7.43	-6.46	6.65	8.71	13.89	
-8.25	-7.32	-6.35	6.59	8.58	13.57	
-8.12	-7.21	-6.26	6.54	8.46	13.28	
-7.99	-7.10	-6.17	6.47	8.33	12.99	
-7.86	-7.00	-6.10	6.36	8.17	12.69	
-7.74	-6.89	-6.03	6.19	7.96	12.38	
-7.62	-6.79	-5.96	5.97	7.72	12.07	
-7.49	-6.68	-5.89	5.72	7.46	11.74	
-7.36	-6.56	-5.81	5.50	7.21	11.42	
-7.22	-6.44	-5.73	5.32	7.01	11.11	
-7.08	-6.32	-5.65	5.22	6.86	10.83	
-6.94	-6.20	-5.57	5.22	6.79	10.59	
-6.79	-6.08	-5.48	5.33	6.82	10.40	
-6.65	-5.95	-5.39	5.52	6.94	10.27	
-6.52	-5.82	-5.29	5.78	7.12	10.19	
-6.43	-5.71	-5.21	6.08	7.36	10.16	
-6.38	-5.63	-5.13	6.40	7.64	10.18	
-6.36	-5.57	-5.06	6.73	7.96	10.27	
-6.36	-5.52	-5.00	7.07	8.31	10.41	
-6.37	-5.48	-4.95	7.40	8.65	10.58	
-6.39	-5.45	-4.90	7.67	8.97	10.78	
-6.45	-5.45	-4.87	7.87	9.21	10.96	
-6.55	-5.48	-4.86	7.93	9.33	11.09	
-6.69	-5.54	-4.86	7.85	9.32	11.12	
-6.88	-5.64	-4.89	7.63	9.16	11.06	
-7.09	-5.77	-4.93	7.33	8.92	10.94	
-7.30	-5.89	-4.97	7.02	8.66	10.79	
-7.48	-6.00	-5.00	6.76	8.43	10.66	
-7.62	-6.06	-5.01	6.59	8.27	10.57	
-7.73	-6.09	-5.01	6.50	8.17	10.50	
-7.81	-6.12	-5.00	6.49	8.11	10.43	
-7.91	-6.15	-5.01	6.51	8.08	10.36	
-8.03	-6.21	-5.04	6.56	8.05	10.27	
-8.16	-6.28	-5.09	6.60	8.00	10.15	
-8.30	-6.37	-5.15	6.61	7.92	10.00	
-8.42	-6.45	-5.22	6.56	7.77	9.79	
-8.50	-6.51	-5.26	6.45	7.55	9.54	
-8.54	-6.52	-5.29	6.33	7.30	9.28	
-8.54	-6.50	-5.29	6.22	7.06	9.05	
-8.50	-6.45	-5.27	6.19	6.86	8.89	
-8.43	-6.37	-5.24	6.22	6.72	8.81	
-8.33	-6.28	-5.21	6.30	6.62	8.80	
-8.21	-6.17	-5.17	6.38	6.52	8.82	
-8.08	-6.05	-5.13	6.41	6.38	8.85	
-7.95	-5.95	-5.10	6.36	6.18	8.84	
-7.83	-5.86	-5.08	6.22	5.90	8.77	
-7.73	-5.80	-5.08	5.96	5.51	8.62	
-7.65	-5.77	-5.11	5.58	5.01	8.37	
-7.58	-5.75	-5.14	5.11	4.42	8.02	
-7.54	-5.75	-5.18	4.57	3.79	7.61	
-7.50	-5.76	-5.23	4.01	3.15	7.16	
-7.48	-5.78	-5.26	3.44	2.54	6.70	
-7.47	-5.79	-5.28	2.88	1.97	6.27	
-7.46	-5.79	-5.27	2.36	1.48	5.87	
-7.47	-5.79	-5.26	1.88	1.07	5.52	
-7.50	-5.82	-5.25	1.46	0.74	5.22	
-7.57	-5.87	-5.25	1.11	0.51	5.00	
-7.68	-5.96	-5.29	0.83	0.36	4.85	
-7.81	-6.09	-5.35	0.62	0.29	4.76	
-7.97	-6.25	-5.45	0.47	0.27	4.71	
-8.15	-6.44	-5.56	0.33	0.24	4.68	
-8.33	-6.64	-5.70	0.17	0.18	4.63	
-8.52	-6.86	-5.86	-0.04	0.05	4.56	
-8.71	-7.09	-6.03	-0.31	-0.17	4.44	
-8.90	-7.31	-6.19	-0.66	-0.49	4.26	
-9.07	-7.53	-6.36	-1.09	-0.91	4.00	
-9.22	-7.73	-6.51	-1.60	-1.44	3.65	
-9.34	-7.92	-6.66	-2.17	-2.06	3.21	
-9.44	-8.08	-6.79	-2.78	-2.76	2.67	
-9.52	-8.22	-6.91	-3.41	-3.48	2.05	
-9.60	-8.35	-7.02	-4.00	-4.18	1.41	
-9.69	-8.49	-7.14	-4.50	-4.80	0.80	
-9.82	-8.65	-7.28	-4.89	-5.32	0.24	
-9.96	-8.82	-7.43	-5.16	-5.72	-0.25	
-10.10	-9.00	-7.59	-5.33	-6.02	-0.67	
-10.21	-9.14	-7.73	-5.40	-6.23	-1.02	
-10.27	-9.25	-7.83	-5.39	-6.34	-1.31	
-10.28	-9.30	-7.91	-5.27	-6.37	-1.53	
-10.24	-9.32	-7.96	-5.05	-6.30	-1.67	
-10.15	-9.29	-7.99	-4.74	-6.14	-1.75	
-10.00	-9.21	-8.00	-4.37	-5.93	-1.78	
-9.77	-9.08	-7.99	-3.97	-5.68	-1.80	
-9.46	-8.89	-7.97	-3.55	-5.42	-1.82	
-9.08	-8.66	-7.93	-3.15	-5.18	-1.86	
-8.65	-8.39	-7.88	-2.75	-4.94	-1.91	
-8.17	-8.10	-7.83	-2.35	-4.69	-1.97	
-7.65	-7.77	-7.77	-1.93	-4.44	-2.03	
-7.08	-7.39	-7.69	-1.49	-4.18	-2.11	
-6.45	-6.97	-7.58	-1.04	-3.91	-2.20	
-5.79	-6.51	-7.45	-0.56	-3.60	-2.28	
-5.10	-6.03	-7.30	-0.04	-3.27	-2.34	
-4.40	-5.52	-7.12	0.49	-2.90	-2.37	
-3.69	-4.99	-6.92	1.01	-2.53	-2.40	
-2.98	-4.45	-6.70	1.49	-2.17	-2.44	
-2.28	-3.91	-6.46	1.90	-1.84	-2.49	
-1.60	-3.37	-6.20	2.25	-1.55	-2.56	
-0.96	-2.85	-5.95	2.53	-1.28	-2.62	
-0.35	-2.35	-5.68	2.76	-1.03	-2.67	
0.21	-1.88	-5.43	2.96	-0.77	-2.67	
0.70	-1.45	-5.19	3.14	-0.50	-2.63	
1.13	-1.06	-4.97	3.30	-0.22	-2.55	
1.49	-0.71	-4.77	3.44	0.03	-2.43	
1.81	-0.39	-4.58	3.52	0.27	-2.30	
2.10	-0.10	-4.40	3.55	0.46	-2.15	
2.35	0.18	-4.21	3.52	0.62	-1.98	
2.58	0.44	-4.03	3.43	0.74	-1.81	
2.76	0.67	-3.85	3.27	0.82	-1.64	
2.91	0.87	-3.68	3.05	0.85	-1.46	
3.02	1.05	-3.52	2.83	0.87	-1.26	
3.11	1.20	-3.35	2.65	0.94	-0.98	
3.19	1.34	-3.19	2.55	1.10	-0.62	
3.28	1.48	-3.03	2.55	1.35	-0.17	
3.37	1.62	-2.85	2.60	1.66	0.32	
3.47	1.76	-2.67	2.68	1.97	0.82	
3.59	1.89	-2.48	2.76	2.28	1.30	
3.70	2.01	-2.29	2.83	2.56	1.76	
3.81	2.11	-2.11	2.91	2.83	2.20	
3.91	2.20	-1.94	2.98	3.09	2.62	
3.99	2.27	-1.76	3.06	3.35	3.03	
4.07	2.34	-1.58	3.17	3.61	3.42	
4.14	2.40	-1.39	3.32	3.90	3.82	
4.20	2.46	-1.18	3.53	4.22	4.25	
4.26	2.54	-0.96	3.79	4.56	4.69	
4.32	2.62	-0.71	4.09	4.93	5.16	
4.38	2.70	-0.47	4.38	5.30	5.63	
4.40	2.76	-0.23	4.64	5.64	6.11	
4.37	2.77	-0.01	4.84	5.96	6.56	
4.29	2.74	0.18	4.96	6.23	6.99	
4.14	2.66	0.34	4.99	6.43	7.37	
3.95	2.55	0.46	4.92	6.56	7.67	
3.71	2.41	0.56	4.73	6.59	7.88	
3.45	2.26	0.63	4.43	6.53	8.02	
3.18	2.10	0.70	4.06	6.40	8.10	
2.89	1.94	0.76	3.63	6.22	8.13	
2.58	1.79	0.81	3.19	6.01	8.14	
2.26	1.63	0.85	2.76	5.79	8.12	
1.92	1.47	0.89	2.35	5.56	8.09	
1.59	1.31	0.92	1.95	5.32	8.04	
1.27	1.17	0.95	1.53	5.04	7.97	
0.96	1.04	0.98	1.07	4.71	7.84	
0.67	0.93	1.01	0.56	4.30	7.66	
0.41	0.82	1.04	-0.03	3.80	7.40	
0.18	0.74	1.08	-0.68	3.21	7.07	
-0.02	0.68	1.13	-1.36	2.55	6.69	
-0.19	0.64	1.19	-2.05	1.86	6.27	
-0.34	0.62	1.24	-2.74	1.15	5.84	
-0.48	0.60	1.29	-3.43	0.43	5.41	
-0.62	0.57	1.34	-4.08	-0.27	4.97	
-0.74	0.55	1.38	-4.65	-0.91	4.56	
-0.84	0.53	1.44	-5.11	-1.45	4.21	
-0.91	0.53	1.51	-5.42	-1.86	3.93	
-0.96	0.55	1.59	-5.58	-2.15	3.73	
-1.01	0.56	1.68	-5.63	-2.33	3.60	
-1.05	0.56	1.77	-5.58	-2.42	3.51	
-1.09	0.56	1.86	-5.46	-2.44	3.46	
-1.10	0.58	1.97	-5.31	-2.44	3.40	
-1.07	0.64	2.12	-5.15	-2.43	3.32	
-0.98	0.74	2.29	-4.99	-2.42	3.21	
-0.86	0.86	2.47	-4.81	-2.40	3.09	
-0.73	0.97	2.65	-4.60	-2.35	2.97	
-0.61	1.06	2.79	-4.35	-2.27	2.86	
-0.52	1.11	2.91	-4.07	-2.17	2.77	
-0.45	1.13	2.98	-3.77	-2.06	2.68	
-0.40	1.11	3.02	-3.45	-1.92	2.61	
-0.35	1.07	3.03	-3.11	-1.76	2.58	
-0.31	1.02	3.01	-2.76	-1.57	2.58	
-0.25	0.98	2.98	-2.41	-1.37	2.62	
-0.15	0.96	2.95	-2.12	-1.21	2.65	
-0.01	0.98	2.93	-1.92	-1.12	2.62	
0.17	1.03	2.92	-1.83	-1.15	2.51	
0.36	1.10	2.91	-1.86	-1.28	2.29	
0.56	1.17	2.91	-1.98	-1.51	1.99	
0.75	1.26	2.91	-2.17	-1.82	1.60	
0.95	1.35	2.93	-2.42	-2.19	1.15	
1.17	1.48	2.97	-2.70	-2.60	0.65	
1.40	1.62	3.04	-3.00	-3.04	0.11	
1.63	1.79	3.12	-3.32	-3.49	-0.45	
1.87	1.97	3.21	-3.62	-3.94	-1.01	
2.09	2.15	3.31	-3.91	-4.37	-1.57	
2.29	2.31	3.41	-4.15	-4.78	-2.13	
2.45	2.45	3.50	-4.35	-5.15	-2.66	
2.55	2.54	3.56	-4.51	-5.49	-3.16	
2.60	2.59	3.60	-4.63	-5.80	-3.63	
2.61	2.60	3.62	-4.71	-6.07	-4.06	
2.58	2.57	3.62	-4.77	-6.32	-4.45	
2.52	2.53	3.61	-4.81	-6.55	-4.80	
2.44	2.48	3.61	-4.85	-6.77	-5.12	
2.36	2.41	3.60	-4.92	-7.01	-5.43	
2.25	2.33	3.60	-5.03	-7.29	-5.77	
2.14	2.25	3.60	-5.20	-7.60	-6.14	
2.03	2.19	3.61	-5.39	-7.92	-6.51	
1.93	2.16	3.67	-5.56	-8.20	-6.87	
1.86	2.18	3.76	-5.67	-8.38	-7.17	
1.82	2.24	3.90	-5.71	-8.46	-7.39	
1.81	2.35	4.08	-5.69	-8.43	-7.54	
1.84	2.49	4.29	-5.64	-8.33	-7.62	
1.90	2.66	4.52	-5.59	-8.19	-7.66	
2.02	2.88	4.78	-5.53	-8.00	-7.64	
2.17	3.12	5.05	-5.44	-7.74	-7.54	
2.35	3.38	5.33	-5.30	-7.40	-7.35	
2.53	3.64	5.60	-5.13	-7.01	-7.07	
2.70	3.87	5.86	-4.95	-6.59	-6.73	
2.86	4.09	6.09	-4.80	-6.18	-6.36	
3.00	4.28	6.30	-4.68	-5.81	-5.99	
3.14	4.46	6.48	-4.58	-5.49	-5.63	
3.29	4.63	6.64	-4.49	-5.22	-5.31	
3.45	4.79	6.77	-4.41	-4.99	-5.01	
3.61	4.95	6.89	-4.34	-4.81	-4.76	
3.77	5.07	6.98	-4.30	-4.68	-4.55	
3.92	5.17	7.04	-4.29	-4.60	-4.39	
4.05	5.23	7.08	-4.29	-4.55	-4.25	
4.17	5.27	7.09	-4.27	-4.48	-4.10	
4.29	5.28	7.08	-4.16	-4.32	-3.88	
4.41	5.27	7.05	-3.94	-4.05	-3.59	
4.54	5.26	7.02	-3.60	-3.67	-3.21	
4.70	5.25	6.98	-3.20	-3.20	-2.76	
4.90	5.27	6.96	-2.78	-2.69	-2.29	
5.16	5.33	6.95	-2.38	-2.18	-1.80	
5.48	5.44	6.96	-2.04	-1.70	-1.33	
5.85	5.60	7.00	-1.74	-1.26	-0.88	
6.26	5.79	7.07	-1.50	-0.86	-0.44	
6.67	6.00	7.14	-1.30	-0.50	-0.04	
7.08	6.21	7.23	-1.15	-0.21	0.32	
7.46	6.43	7.33	-1.05	0.02	0.63	
7.82	6.64	7.43	-1.01	0.19	0.89	
8.15	6.87	7.55	-1.00	0.31	1.12	
8.47	7.11	7.69	-0.98	0.42	1.33	
8.78	7.38	7.84	-0.93	0.53	1.54	
9.08	7.65	8.01	-0.83	0.69	1.77	
9.37	7.93	8.19	-0.67	0.89	2.03	
9.64	8.20	8.37	-0.43	1.17	2.33	
9.88	8.45	8.55	-0.11	1.54	2.68	
10.08	8.68	8.71	0.29	1.98	3.08	
10.23	8.88	8.85	0.73	2.46	3.49	
10.32	9.04	8.97	1.16	2.92	3.87	
10.38	9.18	9.09	1.53	3.32	4.19	
10.43	9.32	9.22	1.84	3.65	4.43	
10.46	9.46	9.35	2.09	3.91	4.61	
10.49	9.61	9.50	2.33	4.15	4.76	
10.52	9.76	9.66	2.59	4.41	4.90	
10.54	9.90	9.82	2.87	4.69	5.07	
10.56	10.04	9.99	3.16	4.97	5.24	
10.58	10.19	10.17	3.41	5.24	5.41	
10.59	10.34	10.35	3.58	5.43	5.55	
10.60	10.47	10.52	3.64	5.53	5.63	
10.59	10.57	10.67	3.59	5.52	5.64	
10.56	10.65	10.78	3.42	5.40	5.58	
10.51	10.69	10.87	3.15	5.17	5.45	
10.46	10.72	10.93	2.81	4.86	5.26	
10.40	10.73	10.98	2.42	4.48	5.03	
10.36	10.75	11.04	2.04	4.10	4.79	
10.35	10.79	11.12	1.69	3.74	4.57	
10.38	10.86	11.22	1.43	3.43	4.39	
10.44	10.95	11.34	1.24	3.19	4.25	
10.51	11.04	11.46	1.10	2.98	4.11	
10.56	11.10	11.56	1.00	2.80	3.96	
10.59	11.12	11.64	0.88	2.60	3.77	
10.59	11.11	11.68	0.75	2.39	3.54	
10.60	11.07	11.69	0.59	2.16	3.26	
10.62	11.04	11.69	0.40	1.89	2.94	
10.66	11.02	11.68	0.18	1.58	2.57	
10.73	11.03	11.70	-0.10	1.23	2.17	
10.84	11.08	11.74	-0.42	0.84	1.73	
10.96	11.16	11.81	-0.77	0.41	1.27	
11.11	11.26	11.90	-1.14	-0.03	0.83	
11.26	11.37	12.01	-1.52	-0.46	0.39	
11.40	11.48	12.11	-1.89	-0.89	-0.04	
11.55	11.59	12.21	-2.26	-1.32	-0.46	
11.70	11.71	12.31	-2.64	-1.74	-0.87	
11.86	11.83	12.43	-3.01	-2.16	-1.29	
12.03	11.97	12.55	-3.38	-2.56	-1.70	
12.22	12.11	12.68	-3.72	-2.92	-2.08	
12.41	12.26	12.81	-4.02	-3.22	-2.40	
12.59	12.40	12.93	-4.26	-3.43	-2.64	
12.76	12.52	13.03	-4.44	-3.56	-2.80	
12.90	12.64	13.13	-4.56	-3.58	-2.88	
13.04	12.74	13.21	-4.59	-3.50	-2.87	
13.15	12.82	13.28	-4.53	-3.31	-2.78	
13.24	12.89	13.34	-4.40	-3.01	-2.59	
13.30	12.93	13.38	-4.20	-2.63	-2.33	
13.35	12.98	13.42	-3.98	-2.20	-2.02	
13.39	13.04	13.47	-3.76	-1.77	-1.70	
13.45	13.12	13.55	-3.54	-1.36	-1.39	
13.51	13.23	13.65	-3.34	-0.98	-1.12	
13.57	13.36	13.75	-3.16	-0.66	-0.90	
13.62	13.48	13.85	-3.00	-0.40	-0.75	
13.66	13.60	13.95	-2.86	-0.20	-0.66	
13.68	13.70	14.04	-2.75	-0.06	-0.64	
13.68	13.79	14.12	-2.67	0.03	-0.65	
13.65	13.86	14.17	-2.61	0.06	-0.70	
13.58	13.89	14.20	-2.57	0.04	-0.79	
13.48	13.89	14.20	-2.57	-0.03	-0.91	
13.37	13.86	14.18	-2.62	-0.16	-1.07	
13.25	13.82	14.14	-2.71	-0.36	-1.27	
13.12	13.77	14.08	-2.85	-0.60	-1.50	
12.98	13.69	14.01	-3.00	-0.86	-1.76	
12.83	13.59	13.91	-3.17	-1.14	-2.02	
12.69	13.48	13.82	-3.35	-1.43	-2.29	
12.55	13.37	13.73	-3.57	-1.73	-2.57	
12.44	13.28	13.65	-3.80	-2.04	-2.82	
12.35	13.20	13.58	-4.04	-2.33	-3.03	
12.27	13.13	13.52	-4.28	-2.58	-3.17	
12.20	13.05	13.45	-4.51	-2.81	-3.24	
12.14	12.97	13.38	-4.76	-3.02	-3.27	
12.10	12.90	13.32	-5.05	-3.24	-3.28	
12.08	12.83	13.26	-5.37	-3.47	-3.30	
12.09	12.78	13.22	-5.75	-3.73	-3.33	
12.13	12.75	13.19	-6.15	-4.00	-3.36	
12.19	12.73	13.18	-6.55	-4.25	-3.38	
12.26	12.71	13.17	-6.93	-4.50	-3.41	
12.34	12.69	13.17	-7.28	-4.73	-3.44	
12.39	12.66	13.15	-7.61	-4.95	-3.49	
12.41	12.58	13.11	-7.91	-5.16	-3.55	
12.37	12.47	13.02	-8.17	-5.34	-3.60	
12.29	12.30	12.89	-8.38	-5.46	-3.64	
12.17	12.11	12.73	-8.53	-5.54	-3.67	
12.06	11.93	12.58	-8.63	-5.57	-3.69	
11.98	11.79	12.47	-8.72	-5.60	-3.73	
11.95	11.71	12.43	-8.81	-5.62	-3.79	
11.97	11.70	12.45	-8.89	-5.64	-3.86	
12.03	11.74	12.52	-8.96	-5.65	-3.92	
12.14	11.84	12.65	-9.02	-5.64	-3.98	
12.31	12.00	12.84	-9.07	-5.63	-4.03	
12.54	12.24	13.09	-9.11	-5.61	-4.07	
12.84	12.52	13.38	-9.13	-5.59	-4.11	
13.18	12.84	13.69	-9.14	-5.57	-4.14	
13.51	13.15	13.98	-9.13	-5.54	-4.17	
13.83	13.43	14.25	-9.13	-5.53	-4.18	
14.10	13.66	14.48	-9.14	-5.54	-4.20	
14.32	13.83	14.64	-9.19	-5.60	-4.23	
14.46	13.93	14.76	-9.28	-5.69	-4.29	
14.54	13.97	14.81	-9.40	-5.81	-4.37	
14.57	13.95	14.81	-9.53	-5.95	-4.46	
14.57	13.91	14.78	-9.68	-6.11	-4.57	
14.56	13.86	14.72	-9.85	-6.29	-4.69	
14.54	13.80	14.65	-10.06	-6.50	-4.83	
14.49	13.72	14.57	-10.30	-6.73	-4.99	
14.41	13.62	14.47	-10.55	-6.97	-5.15	
14.29	13.49	14.34	-10.80	-7.19	-5.29	
14.16	13.37	14.22	-11.02	-7.37	-5.42	
14.06	13.28	14.12	-11.20	-7.50	-5.51	
14.00	13.26	14.06	-11.32	-7.57	-5.58	
13.98	13.28	14.04	-11.38	-7.59	-5.61	
13.99	13.34	14.06	-11.38	-7.56	-5.61	
14.01	13.42	14.10	-11.32	-7.47	-5.58	
14.01	13.48	14.14	-11.19	-7.33	-5.49	
13.99	13.54	14.17	-11.02	-7.15	-5.35	
13.98	13.58	14.20	-10.83	-6.95	-5.19	
14.00	13.64	14.25	-10.68	-6.78	-5.03	
14.07	13.74	14.33	-10.60	-6.69	-4.91	
14.20	13.88	14.45	-10.62	-6.68	-4.83	
14.38	14.06	14.60	-10.71	-6.74	-4.79	
14.60	14.28	14.78	-10.86	-6.84	-4.78	
14.83	14.50	14.97	-11.02	-6.96	-4.78	
15.06	14.71	15.16	-11.18	-7.08	-4.80	
15.28	14.90	15.33	-11.31	-7.19	-4.83	
15.48	15.07	15.47	-11.40	-7.27	-4.87	
15.65	15.19	15.57	-11.45	-7.34	-4.92	
15.79	15.27	15.63	-11.44	-7.38	-4.98	
15.89	15.30	15.64	-11.37	-7.37	-5.03	
15.97	15.29	15.60	-11.24	-7.31	-5.05	
16.04	15.26	15.52	-11.06	-7.21	-5.05	
16.12	15.23	15.42	-10.84	-7.05	-5.01	
16.22	15.22	15.31	-10.55	-6.85	-4.93	
16.33	15.21	15.21	-10.19	-6.58	-4.81	
16.44	15.23	15.12	-9.74	-6.24	-4.64	
16.55	15.24	15.04	-9.22	-5.87	-4.45	
16.66	15.26	14.97	-8.68	-5.49	-4.24	
16.75	15.28	14.91	-8.16	-5.13	-4.04	
16.83	15.31	14.86	-7.68	-4.83	-3.86	
16.90	15.35	14.85	-7.24	-4.57	-3.69	
16.99	15.42	14.88	-6.85	-4.34	-3.53	
17.09	15.52	14.95	-6.49	-4.14	-3.37	
17.20	15.66	15.06	-6.17	-3.98	-3.22	
17.32	15.83	15.23	-5.92	-3.86	-3.09	
17.43	16.02	15.42	-5.73	-3.80	-3.01	
17.50	16.20	15.62	-5.59	-3.77	-2.97	
17.53	16.34	15.81	-5.48	-3.77	-2.95	
17.51	16.44	15.97	-5.41	-3.79	-2.97	
17.47	16.50	16.12	-5.38	-3.85	-3.04	
17.42	16.55	16.25	-5.42	-3.96	-3.17	
17.38	16.59	16.39	-5.53	-4.12	-3.36	
17.35	16.62	16.52	-5.66	-4.30	-3.59	
17.32	16.64	16.64	-5.79	-4.45	-3.81	
17.28	16.64	16.75	-5.90	-4.54	-3.99	
17.23	16.63	16.84	-5.96	-4.57	-4.12	
17.17	16.60	16.92	-6.00	-4.55	-4.21	
17.11	16.54	16.97	-6.01	-4.48	-4.24	
17.04	16.47	17.00	-5.97	-4.36	-4.21	
16.96	16.36	17.00	-5.90	-4.19	-4.14	
16.87	16.23	16.96	-5.80	-4.00	-4.04	
16.76	16.06	16.89	-5.68	-3.80	-3.91	
16.65	15.88	16.79	-5.54	-3.58	-3.75	
16.52	15.68	16.67	-5.38	-3.37	-3.58	
16.39	15.49	16.55	-5.22	-3.16	-3.39	
16.29	15.34	16.45	-5.07	-2.97	-3.21	
16.24	15.23	16.38	-4.94	-2.81	-3.03	
16.26	15.20	16.35	-4.80	-2.67	-2.86	
16.34	15.22	16.37	-4.65	-2.54	-2.72	
16.47	15.30	16.43	-4.46	-2.40	-2.58	
16.62	15.41	16.51	-4.23	-2.25	-2.43	
16.80	15.55	16.61	-3.93	-2.05	-2.25	
17.00	15.69	16.72	-3.58	-1.80	-2.03	
17.18	15.84	16.84	-3.17	-1.50	-1.75	
17.36	15.99	16.95	-2.74	-1.17	-1.44	
17.49	16.11	17.05	-2.29	-0.83	-1.11	
17.59	16.21	17.14	-1.85	-0.52	-0.79	
17.65	16.27	17.19	-1.44	-0.25	-0.49	
17.67	16.30	17.21	-1.05	-0.02	-0.23	
17.65	16.31	17.21	-0.66	0.20	0.02	
17.60	16.29	17.17	-0.25	0.41	0.28	
17.51	16.23	17.10	0.18	0.65	0.55	
17.37	16.13	17.00	0.62	0.89	0.82	
17.20	15.98	16.87	1.04	1.12	1.10	
17.02	15.82	16.73	1.44	1.35	1.35	
16.84	15.66	16.60	1.80	1.57	1.59	
16.68	15.51	16.47	2.15	1.77	1.79	
16.55	15.37	16.34	2.47	1.97	1.95	
16.42	15.23	16.21	2.76	2.14	2.07	
16.28	15.08	16.07	3.01	2.28	2.14	
16.14	14.92	15.91	3.19	2.37	2.15	
16.02	14.76	15.74	3.32	2.43	2.13	
15.92	14.63	15.59	3.40	2.45	2.08	
15.89	14.55	15.48	3.43	2.45	2.03	
15.93	14.55	15.41	3.43	2.44	1.99	
16.03	14.60	15.39	3.41	2.44	1.97	
16.17	14.71	15.41	3.38	2.44	1.97	
16.34	14.86	15.46	3.35	2.45	2.00	
16.51	15.02	15.52	3.29	2.45	2.02	
16.68	15.19	15.61	3.23	2.43	2.06	
16.85	15.37	15.71	3.15	2.40	2.09	
17.02	15.56	15.82	3.06	2.37	2.15	
17.19	15.75	15.94	2.99	2.34	2.22	
17.35	15.93	16.05	2.92	2.31	2.30	
17.51	16.11	16.17	2.86	2.30	2.38	
17.67	16.29	16.29	2.84	2.31	2.46	
17.82	16.46	16.40	2.86	2.35	2.56	
17.97	16.63	16.52	2.94	2.43	2.67	
18.10	16.78	16.62	3.06	2.53	2.79	
18.19	16.91	16.70	3.21	2.63	2.89	
18.26	17.00	16.75	3.37	2.72	2.97	
18.29	17.06	16.77	3.53	2.80	3.03	
18.31	17.09	16.77	3.70	2.87	3.07	
18.32	17.11	16.74	3.86	2.93	3.09	
18.33	17.11	16.69	4.00	2.98	3.10	
18.33	17.10	16.63	4.11	3.01	3.10	
18.30	17.03	16.52	4.19	3.02	3.08	
18.20	16.89	16.36	4.24	3.03	3.07	
18.02	16.66	16.13	4.29	3.04	3.08	
17.76	16.36	15.85	4.36	3.09	3.12	
17.45	16.02	15.53	4.45	3.18	3.20	
17.11	15.66	15.22	4.57	3.30	3.31	
16.78	15.31	14.92	4.69	3.44	3.44	
16.46	14.99	14.65	4.75	3.55	3.54	
16.18	14.71	14.43	4.74	3.60	3.60	
15.93	14.47	14.25	4.66	3.60	3.60	
15.73	14.29	14.12	4.56	3.58	3.56	
15.57	14.16	14.03	4.47	3.56	3.51	
15.43	14.05	13.97	4.42	3.57	3.46	
15.28	13.95	13.92	4.42	3.61	3.39	
15.13	13.86	13.88	4.46	3.66	3.32	
14.98	13.77	13.85	4.54	3.74	3.25	
14.84	13.68	13.82	4.67	3.86	3.20	
14.71	13.59	13.79	4.85	4.02	3.19	
14.58	13.49	13.75	5.09	4.23	3.23	
14.44	13.39	13.70	5.40	4.50	3.34	
14.30	13.29	13.66	5.78	4.82	3.50	
14.17	13.19	13.62	6.22	5.19	3.72	
14.03	13.10	13.58	6.72	5.59	3.97	
13.89	13.01	13.57	7.21	5.98	4.22	
13.78	12.95	13.57	7.66	6.32	4.44	
13.69	12.91	13.60	8.03	6.59	4.63	
13.61	12.90	13.65	8.31	6.79	4.78	
13.54	12.90	13.70	8.53	6.95	4.91	
13.45	12.88	13.75	8.68	7.06	5.03	
13.35	12.85	13.79	8.79	7.14	5.12	
13.24	12.83	13.83	8.85	7.19	5.18	
13.17	12.82	13.89	8.85	7.18	5.19	
13.14	12.85	13.96	8.80	7.12	5.16	
13.16	12.91	14.06	8.67	7.00	5.06	
13.22	13.00	14.17	8.47	6.81	4.91	
13.32	13.11	14.29	8.18	6.56	4.71	
13.44	13.23	14.39	7.83	6.27	4.48	
13.54	13.33	14.48	7.47	5.99	4.25	
13.62	13.41	14.53	7.15	5.75	4.05	
13.65	13.44	14.53	6.89	5.59	3.90	
13.61	13.40	14.48	6.71	5.49	3.81	
13.52	13.32	14.36	6.61	5.46	3.76	
13.39	13.19	14.20	6.55	5.46	3.76	
13.25	13.04	14.00	6.54	5.50	3.80	
13.11	12.87	13.77	6.54	5.56	3.88	
12.96	12.70	13.50	6.54	5.61	3.97	
12.80	12.51	13.22	6.49	5.62	4.03	
12.66	12.33	12.92	6.41	5.58	4.05	
12.53	12.16	12.63	6.29	5.49	4.04	
12.45	12.02	12.36	6.18	5.39	4.01	
12.40	11.90	12.11	6.09	5.29	3.99	
12.38	11.79	11.88	6.02	5.21	3.97	
12.36	11.69	11.65	5.99	5.14	3.96	
12.33	11.57	11.42	5.99	5.07	3.95	
12.28	11.43	11.18	6.03	5.02	3.93	
12.21	11.27	10.95	6.10	4.98	3.92	
12.13	11.12	10.74	6.21	4.96	3.90	
12.09	11.00	10.56	6.36	4.97	3.90	
12.08	10.91	10.44	6.56	5.01	3.92	
12.12	10.87	10.36	6.82	5.10	3.97	
12.18	10.87	10.33	7.13	5.24	4.08	
12.26	10.88	10.34	7.47	5.41	4.22	
12.35	10.92	10.39	7.83	5.59	4.38	
12.43	10.96	10.46	8.16	5.77	4.53	
12.50	11.00	10.55	8.44	5.91	4.65	
12.54	11.02	10.63	8.64	5.98	4.71	
12.51	11.00	10.68	8.75	5.99	4.70	
12.40	10.91	10.69	8.80	5.95	4.66	
12.22	10.77	10.66	8.83	5.92	4.62	
12.00	10.60	10.61	8.88	5.94	4.61	
11.77	10.43	10.55	8.99	6.04	4.68	
11.54	10.25	10.49	9.17	6.22	4.82	
11.30	10.07	10.41	9.39	6.48	5.03	
11.06	9.88	10.31	9.62	6.78	5.28	
10.81	9.68	10.19	9.80	7.08	5.54	
10.55	9.46	10.03	9.92	7.34	5.79	
10.29	9.25	9.86	9.97	7.56	6.00	
10.04	9.04	9.68	9.97	7.74	6.19	
9.80	8.84	9.49	9.96	7.91	6.38	
9.56	8.63	9.28	9.95	8.10	6.57	
9.31	8.41	9.05	9.97	8.30	6.78	
9.06	8.18	8.80	10.00	8.51	7.00	
8.83	7.96	8.55	10.05	8.72	7.22	
8.64	7.77	8.31	10.10	8.91	7.42	
8.51	7.62	8.10	10.14	9.08	7.60	
8.43	7.52	7.92	10.18	9.22	7.77	
8.41	7.47	7.78	10.20	9.34	7.92	
8.45	7.47	7.68	10.22	9.44	8.06	
8.53	7.51	7.61	10.22	9.50	8.18	
8.64	7.57	7.55	10.18	9.51	8.26	
8.75	7.63	7.50	10.12	9.47	8.29	
8.85	7.69	7.45	10.03	9.39	8.27	
8.92	7.72	7.38	9.92	9.27	8.21	
8.94	7.71	7.28	9.81	9.12	8.12	
8.89	7.64	7.16	9.71	8.95	8.01	
8.75	7.50	6.98	9.64	8.78	7.89	
8.54	7.28	6.77	9.60	8.61	7.78	
8.28	7.02	6.52	9.59	8.45	7.66	
7.99	6.72	6.27	9.58	8.27	7.53	
7.69	6.41	6.01	9.55	8.08	7.38	
7.41	6.11	5.77	9.50	7.87	7.20	
7.15	5.82	5.55	9.41	7.65	7.02	
6.90	5.55	5.35	9.31	7.41	6.84	
6.65	5.29	5.16	9.20	7.20	6.69	
6.41	5.04	4.98	9.11	7.03	6.57	
6.17	4.79	4.80	9.08	6.92	6.52	
5.92	4.53	4.62	9.09	6.90	6.54	
5.66	4.27	4.42	9.16	6.95	6.61	
5.40	4.02	4.22	9.24	7.05	6.72	
5.12	3.75	4.01	9.31	7.16	6.85	
4.84	3.48	3.80	9.34	7.26	6.95	
4.55	3.20	3.57	9.32	7.32	7.02	
4.26	2.92	3.34	9.26	7.37	7.06	
3.99	2.65	3.09	9.20	7.42	7.08	
3.73	2.38	2.84	9.12	7.47	7.10	
3.49	2.13	2.59	9.02	7.52	7.11	
3.27	1.88	2.33	8.91	7.56	7.12	
3.05	1.63	2.06	8.79	7.61	7.14	
2.83	1.39	1.79	8.72	7.68	7.18	
2.62	1.17	1.54	8.70	7.80	7.25	
2.44	0.98	1.30	8.76	7.97	7.37	
2.32	0.85	1.10	8.88	8.18	7.51	
2.27	0.79	0.96	9.04	8.40	7.67	
2.31	0.79	0.86	9.23	8.62	7.82	
2.40	0.83	0.80	9.43	8.82	7.96	
2.53	0.91	0.78	9.63	9.01	8.09	
2.69	1.01	0.77	9.84	9.18	8.22	
2.86	1.13	0.79	10.04	9.34	8.35	
3.04	1.26	0.82	10.22	9.47	8.47	
3.22	1.40	0.85	10.38	9.57	8.57	
3.38	1.51	0.88	10.50	9.64	8.63	
3.49	1.59	0.88	10.58	9.65	8.64	
3.55	1.64	0.88	10.60	9.60	8.59	
3.58	1.67	0.87	10.56	9.50	8.47	
3.58	1.70	0.88	10.49	9.38	8.30	
3.55	1.71	0.89	10.41	9.24	8.12	
3.48	1.71	0.89	10.34	9.12	7.93	
3.36	1.68	0.88	10.28	9.02	7.74	
3.19	1.61	0.83	10.22	8.92	7.56	
2.97	1.50	0.74	10.16	8.82	7.38	
2.72	1.36	0.62	10.08	8.72	7.19	
2.43	1.18	0.45	10.00	8.61	7.00	
2.11	0.97	0.24	9.91	8.50	6.80	
1.78	0.72	-0.01	9.82	8.39	6.60	
1.44	0.45	-0.29	9.74	8.28	6.40	
1.12	0.19	-0.56	9.66	8.17	6.21	
0.85	-0.05	-0.83	9.57	8.04	6.01	
0.61	-0.28	-1.08	9.47	7.90	5.80	
0.38	-0.48	-1.31	9.33	7.73	5.58	
0.16	-0.69	-1.54	9.17	7.53	5.34	
-0.07	-0.91	-1.77	8.97	7.29	5.07	
-0.32	-1.15	-2.00	8.74	7.04	4.79	
-0.57	-1.39	-2.23	8.52	6.81	4.52	
-0.82	-1.63	-2.45	8.32	6.60	4.28	
-1.05	-1.86	-2.65	8.15	6.44	4.07	
-1.27	-2.07	-2.83	8.01	6.32	3.90	
-1.48	-2.28	-3.00	7.89	6.22	3.76	
-1.69	-2.48	-3.15	7.77	6.12	3.64	
-1.89	-2.67	-3.29	7.65	6.04	3.53	
-2.08	-2.84	-3.40	7.53	5.97	3.45	
-2.24	-2.99	-3.50	7.39	5.92	3.40	
-2.40	-3.12	-3.59	7.21	5.86	3.35	
-2.55	-3.26	-3.70	6.98	5.77	3.31	
-2.72	-3.41	-3.82	6.69	5.66	3.27	
-2.90	-3.57	-3.95	6.37	5.51	3.23	
-3.08	-3.74	-4.07	6.06	5.36	3.19	
-3.25	-3.89	-4.17	5.77	5.23	3.18	
-3.40	-4.03	-4.24	5.55	5.12	3.19	
-3.53	-4.15	-4.30	5.41	5.08	3.25	
-3.64	-4.27	-4.36	5.37	5.12	3.36	
-3.75	-4.40	-4.44	5.42	5.24	3.53	
-3.86	-4.55	-4.53	5.56	5.42	3.73	
-3.99	-4.72	-4.66	5.73	5.64	3.96	
-4.15	-4.93	-4.80	5.92	5.87	4.18	
-4.32	-5.15	-4.97	6.13	6.11	4.41	
-4.51	-5.39	-5.15	6.36	6.35	4.64	
-4.71	-5.64	-5.35	6.58	6.58	4.85	
-4.92	-5.90	-5.56	6.79	6.77	5.02	
-5.14	-6.16	-5.78	6.95	6.90	5.13	
-5.37	-6.42	-6.00	7.06	6.97	5.18	
-5.60	-6.68	-6.22	7.12	6.98	5.16	
-5.81	-6.92	-6.42	7.16	6.95	5.11	
-5.98	-7.11	-6.60	7.18	6.88	5.01	
-6.09	-7.24	-6.74	7.16	6.77	4.87	
-6.12	-7.32	-6.84	7.09	6.60	4.70	
-6.11	-7.36	-6.93	6.97	6.36	4.48	
-6.08	-7.38	-7.01	6.78	6.08	4.25	
-6.06	-7.42	-7.10	6.55	5.76	4.00	
-6.07	-7.48	-7.22	6.29	5.42	3.75	
-6.11	-7.55	-7.35	6.00	5.08	3.50	
-6.18	-7.62	-7.48	5.73	4.74	3.28	
-6.27	-7.69	-7.60	5.47	4.44	3.09	
-6.36	-7.75	-7.70	5.27	4.17	2.93	
-6.46	-7.80	-7.79	5.11	3.94	2.80	
-6.57	-7.86	-7.88	4.97	3.73	2.67	
-6.70	-7.92	-7.98	4.83	3.50	2.52	
-6.84	-8.01	-8.10	4.65	3.25	2.32	
-6.99	-8.10	-8.22	4.46	2.99	2.09	
-7.15	-8.21	-8.36	4.30	2.77	1.88	
-7.31	-8.33	-8.51	4.20	2.61	1.69	
-7.47	-8.44	-8.66	4.18	2.53	1.55	
-7.60	-8.55	-8.81	4.24	2.53	1.45	
-7.71	-8.63	-8.95	4.36	2.59	1.39	
-7.82	-8.72	-9.08	4.53	2.69	1.36	
-7.94	-8.82	-9.22	4.72	2.83	1.33	
-8.09	-8.95	-9.39	4.92	2.98	1.31	
-8.27	-9.12	-9.57	5.10	3.11	1.27	
-8.47	-9.32	-9.78	5.23	3.22	1.21	
-8.66	-9.52	-9.98	5.32	3.30	1.12	
-8.84	-9.71	-10.18	5.37	3.35	1.04	
-9.01	-9.89	-10.36	5.42	3.42	0.99	
-9.16	-10.07	-10.53	5.50	3.53	1.00	
-9.31	-10.23	-10.68	5.61	3.69	1.08	
-9.46	-10.40	-10.82	5.76	3.89	1.20	
-9.58	-10.54	-10.94	5.91	4.09	1.35	
-9.66	-10.65	-11.02	6.05	4.29	1.51	
-9.71	-10.73	-11.08	6.15	4.47	1.66	
-9.72	-10.78	-11.11	6.20	4.62	1.80	
-9.71	-10.81	-11.12	6.20	4.72	1.89	
-9.69	-10.82	-11.10	6.13	4.77	1.95	
-9.68	-10.82	-11.06	6.03	4.79	1.99	
-9.69	-10.83	-11.01	5.92	4.79	2.00	
-9.71	-10.84	-10.96	5.81	4.79	2.02	
-9.75	-10.87	-10.91	5.70	4.80	2.03	
-9.79	-10.89	-10.87	5.58	4.79	2.04	
-9.84	-10.92	-10.82	5.41	4.73	2.01	
-9.88	-10.94	-10.77	5.19	4.63	1.96	
-9.90	-10.94	-10.72	4.92	4.47	1.87	
-9.90	-10.92	-10.65	4.61	4.28	1.76	
-9.87	-10.87	-10.56	4.30	4.09	1.66	
-9.83	-10.80	-10.47	3.99	3.90	1.57	
-9.78	-10.70	-10.36	3.72	3.73	1.49	
-9.72	-10.59	-10.24	3.47	3.59	1.45	
-9.67	-10.48	-10.14	3.28	3.49	1.44	
-9.65	-10.39	-10.04	3.14	3.43	1.48	
-9.67	-10.32	-9.97	3.06	3.41	1.55	
-9.73	-10.28	-9.92	3.01	3.42	1.63	
-9.81	-10.27	-9.89	2.98	3.43	1.71	
-9.92	-10.27	-9.88	2.94	3.42	1.77	
-10.03	-10.30	-9.88	2.88	3.39	1.81	
-10.16	-10.35	-9.92	2.79	3.32	1.82	
-10.31	-10.45	-9.99	2.67	3.23	1.81	
-10.51	-10.60	-10.12	2.53	3.10	1.77	
-10.76	-10.82	-10.31	2.38	2.94	1.71	
-11.06	-11.08	-10.57	2.23	2.78	1.63	
-11.38	-11.38	-10.86	2.12	2.64	1.57	
-11.69	-11.69	-11.16	2.05	2.53	1.54	
-11.96	-11.97	-11.45	2.00	2.44	1.52	
-12.17	-12.20	-11.69	1.96	2.33	1.48	
-12.31	-12.38	-11.89	1.87	2.18	1.40	
-12.37	-12.49	-12.04	1.74	1.97	1.26	
-12.38	-12.56	-12.15	1.56	1.71	1.07	
-12.36	-12.59	-12.23	1.34	1.41	0.84	
-12.32	-12.60	-12.29	1.09	1.08	0.58	
-12.28	-12.60	-12.34	0.83	0.75	0.31	
-12.22	-12.58	-12.38	0.60	0.47	0.07	
-12.15	-12.54	-12.41	0.44	0.26	-0.14	
-12.06	-12.48	-12.42	0.37	0.14	-0.28	
-11.93	-12.39	-12.42	0.38	0.12	-0.38	
-11.79	-12.28	-12.39	0.43	0.13	-0.47	
-11.65	-12.16	-12.37	0.47	0.15	-0.58	
-11.53	-12.05	-12.35	0.48	0.16	-0.71	
-11.43	-11.96	-12.35	0.49	0.16	-0.87	
-11.36	-11.88	-12.35	0.48	0.14	-1.05	
-11.31	-11.81	-12.36	0.47	0.12	-1.24	
-11.27	-11.76	-12.38	0.44	0.08	-1.44	
-11.25	-11.72	-12.42	0.41	0.04	-1.63	
-11.26	-11.72	-12.48	0.38	0.01	-1.81	
-11.31	-11.74	-12.56	0.38	0.02	-1.94	
-11.41	-11.81	-12.68	0.41	0.07	-2.03	
-11.54	-11.91	-12.83	0.49	0.16	-2.05	
-11.71	-12.05	-13.01	0.61	0.29	-2.01	
-11.89	-12.20	-13.20	0.75	0.43	-1.94	
-12.07	-12.34	-13.38	0.89	0.56	-1.86	
-12.22	-12.47	-13.55	1.01	0.66	-1.79	
-12.34	-12.57	-13.70	1.09	0.70	-1.76	
-12.41	-12.64	-13.82	1.11	0.67	-1.78	
-12.46	-12.69	-13.92	1.08	0.56	-1.86	
-12.47	-12.71	-14.00	1.01	0.41	-1.99	
-12.46	-12.73	-14.05	0.95	0.23	-2.16	
-12.43	-12.74	-14.09	0.92	0.06	-2.33	
-12.40	-12.75	-14.12	0.92	-0.09	-2.51	
-12.37	-12.76	-14.13	0.95	-0.24	-2.69	
-12.34	-12.79	-14.13	0.98	-0.39	-2.89	
-12.31	-12.81	-14.13	1.00	-0.56	-3.12	
-12.30	-12.85	-14.11	0.97	-0.76	-3.39	
-12.30	-12.91	-14.10	0.89	-1.01	-3.71	
-12.34	-13.00	-14.08	0.77	-1.29	-4.06	
-12.40	-13.12	-14.08	0.63	-1.58	-4.42	
-12.49	-13.27	-14.10	0.50	-1.86	-4.75	
-12.62	-13.46	-14.16	0.39	-2.09	-5.03	
-12.77	-13.66	-14.25	0.32	-2.25	-5.24	
-12.94	-13.88	-14.35	0.31	-2.32	-5.38	
-13.09	-14.07	-14.44	0.34	-2.32	-5.45	
-13.23	-14.23	-14.50	0.39	-2.28	-5.47	
-13.33	-14.33	-14.51	0.43	-2.21	-5.47	
-13.40	-14.39	-14.48	0.45	-2.14	-5.46	
-13.44	-14.40	-14.42	0.42	-2.09	-5.47	
-13.45	-14.38	-14.35	0.35	-2.07	-5.51	
-13.43	-14.32	-14.25	0.23	-2.07	-5.58	
-13.38	-14.23	-14.15	0.10	-2.09	-5.65	
-13.33	-14.12	-14.05	-0.04	-2.10	-5.72	
-13.27	-14.00	-13.94	-0.15	-2.08	-5.77	
-13.22	-13.86	-13.84	-0.23	-2.03	-5.78	
-13.16	-13.73	-13.75	-0.31	-1.97	-5.77	
-13.11	-13.58	-13.67	-0.38	-1.91	-5.75	
-13.06	-13.44	-13.59	-0.48	-1.87	-5.74	
-13.02	-13.31	-13.52	-0.59	-1.87	-5.73	
-13.01	-13.21	-13.47	-0.74	-1.90	-5.74	
-13.05	-13.15	-13.45	-0.93	-1.99	-5.78	
-13.14	-13.14	-13.46	-1.18	-2.14	-5.86	
-13.28	-13.17	-13.49	-1.48	-2.36	-5.97	
-13.46	-13.24	-13.55	-1.83	-2.65	-6.14	
-13.69	-13.36	-13.65	-2.22	-2.99	-6.33	
-13.97	-13.54	-13.78	-2.64	-3.38	-6.55	
-14.30	-13.78	-13.94	-3.08	-3.80	-6.79	
-14.66	-14.05	-14.11	-3.52	-4.22	-7.03	
-15.03	-14.33	-14.28	-3.94	-4.63	-7.25	
-15.37	-14.60	-14.44	-4.31	-5.00	-7.44	
-15.68	-14.84	-14.58	-4.61	-5.30	-7.59	
-15.94	-15.05	-14.68	-4.84	-5.54	-7.70	
-16.16	-15.22	-14.76	-5.02	-5.74	-7.78	
-16.32	-15.35	-14.79	-5.17	-5.92	-7.87	
-16.44	-15.45	-14.81	-5.30	-6.10	-7.97	
-16.52	-15.52	-14.82	-5.43	-6.30	-8.09	
-16.59	-15.59	-14.85	-5.55	-6.50	-8.24	
-16.67	-15.68	-14.92	-5.67	-6.71	-8.42	
-16.75	-15.80	-15.02	-5.79	-6.92	-8.63	
-16.84	-15.95	-15.16	-5.92	-7.16	-8.87	
-16.95	-16.12	-15.33	-6.06	-7.42	-9.16	
-17.05	-16.29	-15.52	-6.21	-7.69	-9.47	
-17.12	-16.43	-15.69	-6.34	-7.94	-9.79	
-17.14	-16.52	-15.83	-6.42	-8.14	-10.08	
-17.10	-16.55	-15.92	-6.44	-8.27	-10.32	
-17.01	-16.52	-15.95	-6.40	-8.33	-10.51	
-16.87	-16.42	-15.91	-6.33	-8.35	-10.66	
-16.69	-16.28	-15.82	-6.25	-8.32	-10.78	
-16.48	-16.09	-15.69	-6.21	-8.29	-10.88	
-16.25	-15.87	-15.53	-6.20	-8.25	-10.97	
-15.98	-15.63	-15.36	-6.26	-8.22	-11.04	
-15.70	-15.39	-15.18	-6.36	-8.20	-11.11	
-15.42	-15.15	-15.01	-6.49	-8.19	-11.16	
-15.16	-14.94	-14.87	-6.61	-8.14	-11.18	
-14.95	-14.77	-14.74	-6.67	-8.03	-11.14	
-14.77	-14.63	-14.62	-6.66	-7.84	-11.03	
-14.64	-14.51	-14.51	-6.57	-7.60	-10.86	
-14.55	-14.41	-14.40	-6.43	-7.31	-10.64	
-14.52	-14.34	-14.30	-6.27	-7.03	-10.41	
-14.53	-14.29	-14.21	-6.16	-6.79	-10.20	
-14.58	-14.27	-14.12	-6.12	-6.65	-10.06	
-14.65	-14.25	-14.02	-6.17	-6.61	-9.99	
-14.73	-14.22	-13.92	-6.30	-6.67	-10.00	
-14.81	-14.19	-13.80	-6.48	-6.82	-10.08	
-14.87	-14.14	-13.67	-6.69	-7.00	-10.19	
-14.91	-14.07	-13.53	-6.88	-7.17	-10.31	
-14.92	-13.99	-13.39	-7.03	-7.32	-10.40	
-14.91	-13.89	-13.25	-7.13	-7.42	-10.45	
-14.88	-13.78	-13.11	-7.19	-7.47	-10.45	
-14.85	-13.67	-12.99	-7.22	-7.49	-10.42	
-14.83	-13.57	-12.89	-7.22	-7.47	-10.37	
-14.82	-13.48	-12.83	-7.17	-7.42	-10.31	
-14.81	-13.41	-12.79	-7.07	-7.34	-10.24	
-14.79	-13.34	-12.78	-6.92	-7.25	-10.19	
-14.75	-13.26	-12.79	-6.78	-7.19	-10.18	
-14.68	-13.18	-12.81	-6.65	-7.16	-10.20	
-14.60	-13.11	-12.86	-6.55	-7.16	-10.24	
-14.50	-13.05	-12.93	-6.45	-7.16	-10.26	
-14.41	-13.01	-13.04	-6.36	-7.14	-10.25	
-14.33	-12.99	-13.16	-6.27	-7.12	-10.22	
-14.25	-12.99	-13.29	-6.21	-7.12	-10.19	
-14.18	-13.00	-13.43	-6.18	-7.15	-10.17	
-14.10	-13.00	-13.56	-6.22	-7.23	-10.19	
-14.01	-12.99	-13.68	-6.30	-7.35	-10.23	
-13.92	-12.98	-13.78	-6.41	-7.50	-10.29	
-13.84	-12.98	-13.89	-6.52	-7.64	-10.35	
-13.78	-13.00	-14.00	-6.64	-7.79	-10.40	
-13.75	-13.04	-14.09	-6.77	-7.94	-10.44	
-13.72	-13.07	-14.15	-6.92	-8.12	-10.49	
-13.69	-13.11	-14.19	-7.12	-8.30	-10.55	
-13.65	-13.14	-14.20	-7.32	-8.49	-10.59	
-13.64	-13.18	-14.20	-7.50	-8.64	-10.60	
-13.65	-13.25	-14.20	-7.65	-8.75	-10.57	
-13.70	-13.35	-14.22	-7.76	-8.82	-10.52	
-13.79	-13.49	-14.26	-7.87	-8.87	-10.47	
-13.91	-13.64	-14.31	-7.99	-8.93	-10.44	
-14.05	-13.81	-14.37	-8.16	-9.01	-10.46	
-14.18	-13.96	-14.42	-8.39	-9.15	-10.56	
-14.29	-14.08	-14.46	-8.67	-9.33	-10.73	
-14.38	-14.16	-14.47	-8.98	-9.54	-10.95	
-14.44	-14.21	-14.46	-9.27	-9.73	-11.20	
-14.47	-14.21	-14.42	-9.51	-9.89	-11.45	
-14.48	-14.19	-14.36	-9.68	-10.01	-11.68	
-14.47	-14.14	-14.29	-9.80	-10.10	-11.92	
-14.44	-14.07	-14.21	-9.88	-10.18	-12.16	
-14.39	-13.99	-14.12	-9.93	-10.26	-12.41	
-14.33	-13.89	-14.03	-9.93	-10.33	-12.67	
-14.24	-13.79	-13.93	-9.91	-10.40	-12.93	
-14.14	-13.69	-13.83	-9.87	-10.48	-13.20	
-14.04	-13.59	-13.74	-9.84	-10.58	-13.49	
-13.94	-13.49	-13.65	-9.81	-10.70	-13.79	
-13.86	-13.41	-13.58	-9.80	-10.83	-14.09	
-13.79	-13.33	-13.51	-9.78	-10.96	-14.36	
-13.74	-13.25	-13.44	-9.76	-11.09	-14.61	
-13.69	-13.16	-13.37	-9.75	-11.22	-14.84	
-13.62	-13.05	-13.28	-9.75	-11.36	-15.05	
-13.53	-12.90	-13.16	-9.77	-11.52	-15.26	
-13.42	-12.72	-13.03	-9.83	-11.69	-15.46	
-13.28	-12.51	-12.87	-9.92	-11.87	-15.64	
-13.13	-12.29	-12.71	-10.03	-12.04	-15.79	
-12.98	-12.08	-12.54	-10.15	-12.21	-15.91	
-12.85	-11.88	-12.38	-10.30	-12.38	-16.01	
-12.75	-11.71	-12.23	-10.46	-12.54	-16.10	
-12.68	-11.59	-12.11	-10.65	-12.71	-16.18	
-12.66	-11.49	-12.02	-10.85	-12.87	-16.25	
-12.65	-11.43	-11.97	-11.08	-13.03	-16.32	
-12.65	-11.39	-11.94	-11.34	-13.21	-16.39	
-12.63	-11.35	-11.92	-11.61	-13.39	-16.45	
-12.59	-11.30	-11.90	-11.89	-13.57	-16.52	
-12.51	-11.23	-11.88	-12.17	-13.74	-16.59	
-12.40	-11.14	-11.85	-12.47	-13.93	-16.65	
-12.26	-11.04	-11.81	-12.77	-14.11	-16.71	
-12.12	-10.95	-11.77	-13.07	-14.28	-16.75	
-11.99	-10.88	-11.74	-13.32	-14.41	-16.75	
-11.90	-10.85	-11.74	-13.52	-14.49	-16.69	
-11.83	-10.86	-11.75	-13.67	-14.52	-16.59	
-11.79	-10.88	-11.76	-13.78	-14.52	-16.47	
-11.75	-10.90	-11.75	-13.88	-14.54	-16.35	
-11.71	-10.90	-11.72	-13.99	-14.58	-16.26	
-11.69	-10.89	-11.67	-14.12	-14.66	-16.22	
-11.69	-10.89	-11.61	-14.26	-14.77	-16.24	
-11.73	-10.90	-11.56	-14.41	-14.92	-16.32	
-11.80	-10.92	-11.51	-14.56	-15.09	-16.42	
-11.86	-10.93	-11.46	-14.70	-15.25	-16.53	
-11.91	-10.94	-11.41	-14.82	-15.38	-16.62	
-11.94	-10.93	-11.35	-14.91	-15.49	-16.69	
-11.95	-10.91	-11.27	-14.98	-15.58	-16.73	
-11.94	-10.87	-11.19	-15.05	-15.67	-16.77	
-11.92	-10.83	-11.10	-15.14	-15.78	-16.82	
-11.89	-10.76	-10.99	-15.27	-15.92	-16.90	
-11.83	-10.66	-10.86	-15.42	-16.09	-16.99	
-11.75	-10.53	-10.71	-15.58	-16.26	-17.09	
-11.66	-10.38	-10.54	-15.74	-16.41	-17.19	
-11.56	-10.23	-10.38	-15.90	-16.55	-17.28	
-11.48	-10.09	-10.24	-16.03	-16.65	-17.35	
-11.42	-10.00	-10.14	-16.11	-16.68	-17.39	
-11.40	-9.94	-10.06	-16.10	-16.62	-17.36	
-11.40	-9.91	-10.02	-16.02	-16.46	-17.25	
-11.40	-9.91	-10.00	-15.87	-16.22	-17.08	
-11.39	-9.90	-9.97	-15.69	-15.93	-16.84	
-11.37	-9.88	-9.94	-15.50	-15.63	-16.57	
-11.35	-9.87	-9.91	-15.34	-15.35	-16.30	
-11.32	-9.84	-9.87	-15.23	-15.11	-16.05	
-11.29	-9.81	-9.81	-15.17	-14.92	-15.83	
-11.26	-9.76	-9.75	-15.17	-14.79	-15.63	
-11.23	-9.71	-9.67	-15.19	-14.69	-15.44	
-11.19	-9.64	-9.58	-15.22	-14.59	-15.27	
-11.15	-9.58	-9.49	-15.22	-14.48	-15.08	
-11.11	-9.52	-9.41	-15.17	-14.34	-14.88	
-11.09	-9.47	-9.34	-15.08	-14.19	-14.67	
-11.09	-9.46	-9.29	-14.98	-14.04	-14.47	
-11.12	-9.46	-9.26	-14.90	-13.93	-14.31	
-11.14	-9.46	-9.22	-14.87	-13.90	-14.19	
-11.15	-9.45	-9.18	-14.91	-13.94	-14.12	
-11.13	-9.40	-9.11	-15.01	-14.06	-14.12	
-11.07	-9.33	-9.01	-15.15	-14.23	-14.15	
-10.98	-9.23	-8.90	-15.28	-14.42	-14.19	
-10.88	-9.12	-8.78	-15.37	-14.57	-14.21	
-10.78	-9.02	-8.67	-15.38	-14.65	-14.17	
-10.69	-8.94	-8.57	-15.29	-14.63	-14.05	
-10.61	-8.87	-8.49	-15.10	-14.52	-13.85	
-10.54	-8.81	-8.42	-14.82	-14.33	-13.56	
-10.48	-8.76	-8.37	-14.47	-14.07	-13.21	
-10.43	-8.74	-8.35	-14.08	-13.77	-12.82	
-10.39	-8.73	-8.34	-13.66	-13.44	-12.40	
-10.38	-8.73	-8.35	-13.24	-13.08	-11.98	
-10.38	-8.75	-8.37	-12.81	-12.70	-11.56	
-10.38	-8.76	-8.40	-12.39	-12.33	-11.17	
-10.38	-8.77	-8.43	-11.98	-11.95	-10.80	
-10.36	-8.76	-8.44	-11.58	-11.58	-10.45	
-10.30	-8.73	-8.44	-11.19	-11.20	-10.12	
-10.20	-8.67	-8.41	-10.81	-10.82	-9.81	
-10.06	-8.58	-8.37	-10.45	-10.45	-9.51	
-9.88	-8.45	-8.31	-10.11	-10.08	-9.26	
-9.68	-8.31	-8.25	-9.79	-9.74	-9.05	
-9.46	-8.14	-8.19	-9.49	-9.43	-8.91	
-9.23	-7.97	-8.13	-9.23	-9.16	-8.85	
-9.01	-7.80	-8.07	-9.04	-8.97	-8.88	
-8.81	-7.64	-8.02	-8.95	-8.86	-9.01	
-8.61	-7.47	-7.96	-8.95	-8.85	-9.21	
-8.43	-7.31	-7.89	-9.04	-8.92	-9.49	
-8.26	-7.15	-7.81	-9.19	-9.06	-9.80	
-8.10	-6.99	-7.72	-9.36	-9.22	-10.13	
-7.96	-6.84	-7.62	-9.51	-9.38	-10.46	
-7.85	-6.72	-7.54	-9.64	-9.52	-10.75	
-7.78	-6.64	-7.47	-9.73	-9.63	-10.98	
-7.74	-6.60	-7.44	-9.78	-9.70	-11.11	
						
						
						
						
						
						
						
						
						
						
						
						
						
						
						
						
						
						
						
						
						
						
						
						
						
						
						
						
						
						
						
						
						
						
						
						
						
						
						
						
						
						
						
						
						
						
						
						
						
						
						
						
						
						
						
						
						
						
						
						
						
						
						
						
						
						
						
						
						
						
						
						
						
						
						
						
						
						
						
						
						
						
						
						
						
						
						
						
						
						
						
						
						
						
						
						
						
						
						
						
						
						
						
						
						
						
						
						
						
						
						
						
						
						
						
						
						
						
						
						
						
						
						
						
						
						
						
						
						
						
						
						
						
						
						
						
						
						
						
						
						
						
						
						
						
						
						
						
						
						
						
						
						
						
						
						
						
						
						
						
						
						
						
						
						
						
						
						
						
						
						
						
						
						
						
						
						
						
						
						
						
						
						
						
						
						
						
						
						
						
						
						
						
						
						
						
						
						
						
						
						
						
						
						
						
						
						
						
						
						
						
						
						
						
						
						
						
						
						
						
						
						
						
						
						
						
						
						
						
						
						
						
						
						
						
						
						
						
						
						
						
						
						
						
						
						
						
						
						
						
						
						
						
						
						
						
						
						
						
						
						
						
						
						
						
						
						
						
						
						
						
						
						
						
						
						
						
						
						
						
						
						
						
						
						
						
						
						
						
						
						
						
						
						
						
						
						
						
						
						
						
						
						
						
						
						
						
						
						
						
						
						
						
						
						
						
						
						
						
						
						
						
						
						
						
						
						
						
						
						
						
						
						
						
						
						
						
						
						
						
						
						
						
						
						
						
						
						
						
						
						
						
						
						
						
						
						
						
						
						
						
						
						
						
						
						
						
						
						
						
						
						
						
						
						
						
						
						
						
						
						
						
						
						
						
						
						
						
						
						
						
						
						
						
						
						
						
						
						
						
						
						
						
						
						
						
						
						
						
						
						
						
						
						
						
						
						
						
						
						
						
						
						
						
						
						
						
						
						
						
						
						
						
						
						
						
						
						
						
						
						
						
						
						
						
						
						
						
						
						
						
						
						
						
						
						
						
						
						
						
						
						
						
						
						
						
						
						
						
						
						
						
						
						
						
						
						
						
						
						
						
						
						
						
						
						
						
						
						
						
						
						
						
						
						
						
						
						
						
						
						
						
						
						
						
						
						
						
						
						
						
						
						
						
						
						
						
						
						
						
						
						
						
						
						
						
						
						
						
						
						
						
						
						
						
						
						
						
						
						
						
						
						
						
						
						
						
						
						
						
						
						
						
						
						
						
						
						
						
						
						
						
						
						
						
						
						
						
						
						
						
						
						
						
						
						
						
						
						
						
						
						
						
						
						
						
						
						
						
						
						
						
						
						
						
						
						
						
						
						
						
						
						
						
						
						
						
						
						
						
						
						
						
						
						
						
						
						
						
						
						
						
						
						
						
						
						
						
						
						
						
						
						
						
						
						
						
						
						
						
						
						
						
						
						
						
						
						
						
						
						
						
						
						
						
						
						
						
						
						
						
						
						
						
						
						
						
						
						
						
						
						
						
						
						
						
						
						
						
						
						
						
						
						
						
						
						
						
						
						
						
						
						
						
						
						
						
						
						
						
						
						
						
						
						
						
						
						
						
						
						
						
						
						
						
						
						
						
						
						
						
						
						
						
						
						
						
						
						
						
						
						
						
						
						
						
						
						
						
						
						
						
						
						
						
						
						
						
						
						
						
						
						
						
						
						
						
						
						
						
						
						
						
						
						
						
						
						
						
						
						
						
						
						
						
						
						
						
						
						
						
						
						
						
						
						
						
						
						
						
						
						
						
						
						
						
						
						
						
						
						
						
						
						
						
						
						
						
						
						
						
						
						
						
						
						
						
						
						
						
						
						
						
						
						
						
						
						
						
						
						
						
						
						
						
						
						
						
						
						
						
						
						
						
						
						
						
						
						
						
						
						
						
						
						
						
						
						
						
						
						
						
						
						
						
						
						
						
						
						
						
						
						
						
						
						
						
						
						
						
						
						
						
						
						
						
						
						
						
						
						
						
						
						
						
						
						
						
						
						
						
						
						
						
						
						
						
						
						
						
						
						
						
						
						
						
						
						
						
						
						
						
						
						
						
						
						
						
						
						
						
						
						
						
						
						
						
						
						
						
						
						
						
						
						
						
						
						
						
						
						
						
						
						
						
						
						
						
						
						
						
						
						
						
						
						
						
						
						
						
						
						
						
						
						
						
						
						
						
						
						
						
						
						
						
						
						
						
						
						
						
						
						
						
						
						
						
						
						
						
						
						
						
						
						
						
						
						
						
						
						
						
						
						
						
						
						
						
						
						
						
						
						
						
						
						
						
						
						
						
						
						
						
						
						
						
						
						
						
						
						
						
						
						
						
						
						
						
						
						
						
						
						
						
						
						
						
						
						
						
						
						
						
						
						
						
						
						
						
						
						
						
						
						
						
						
						
						
						
						
						
						
						
						
						
						
						
						
						
						
						
						
						
						
						
						
						
						
						
						
						
						
						
						
						
						
						
						
						
						
						
						
						
						
						
						
						
						
						
						
						
						
						
						
						
						
						
						
						
						
						
						
						
						
						
						
						
						
						
						
						
						
						
						
						
						
						
						
						
						
						
						
						
						
						
						
						
						
						
						
						
						
						
						
						
						
						
						
						
						
						
						
						
						
						
						
						
						
						
						
						
						
						
						
						
						
						
						
						
						
						
						
						
						
						
						
						
						
						
						
						
						
						
						
						
						
						
						
						
						
						
						
						
						
						
						
						
						
						
						
						
						
						
						
						
						
						
						
						
						
						
						
						
						
						
						
						
						
						
						
						
						
						
						
						
						
						
						
						
						
						
						
						
						
						
						
						
						
						
						
						
						
						
						
						
						
						
						
						
						
						
						
						
						
						
						
						
						
						
						
						
						
						
						
						
						
						
						
						
						
						
						
						
						
						
						
						
						
						
						
						
						
						
						
						
						
						
						
						
						
						
						
						
						
						
						
						
						
						
						
						
						
						
						
						
						
						
						
						
						
						
						
						
						
						
						
						
						
						
						
						
						
						
						
						
						
						
						
						
						
						
						
						
						
						
						
						
						
						
						
						
						
						
						
						
						
						
						
						
						
						
						
						
						
						
						
						
						
						
						
						
						
						
						
						
						
						
						
						
						
						
						
						
						
						
						
						
						
						
						
						
						
						
						
						
						
						
						
						
						
						
						
						
						
						
						
						
						
						
						
						
						
						
						
						
						
						
						
						
						
						
						
						
						
						
						
						
						
						
						
						
						
						
						
						
						
						
						
						
						
						
						
						
						
						
						
						
						
						
						
						
						
						
						
						
						
						
						
						
						
						
						
						
						
						
						
						
						
						
						
						
						
						
						
						
						
						
						
						
						
						
						
						
						
						
						
						
						
						
						
						
						
						
						
						
						
						
						
						
						
						
						
						
						
						
						
						
						
						
						
						
						
						
						
						
						
						
						
						
						
						
						
						
						
						
						
						
						
						
						
						
						
						
						
						
						
						
						
						
						
						
						
						
						
						
						
						
						
						
						
						
						
						
						
						
						
						
						
						
						
						
						
						
						
						
						
						
						
						
						
						
						
						
						
						
						
						
						
						
						
						
						
						
						
						
						
						
						
						
						
						
						
						
						
						
						
						
						
						
						
						
						
						
						
						
						
						
						
						
						
						
						
						
						
						
						
						
						
						
						
						
						
						
						
						
						
						
						
						
						
						
						
						
						
						
						
						
						
						
						
						
						
						
						
						
						
						
						
						
						
						
						
						
						
						
						
						
						
						
						
						
						
						
						
						
						
						
						
						
						
						
						
						
						
						
						
						
						
						
						
						
						
						
						
						
						
						
						
						
						
						
						
						
						
						
						
						
						
						
						
						
						
						
						
						
						
						
						
						
						
						
						
						
						
						
						
						
						
						
						
						
						
						
						
						
						
						
						
						
						
						
						
						
						
						
						
						
						
						
						
						
						
						
						
						
						
						
						
						
						
						
						
						
						
						
						
						
						
						
						
						
						
						
						
						
						
						
						
						
						
						
						
						
						
						
						
						
						
						
						
						
						
						
						
						
						
						
						
						
						
						
						
						
						
						
						
						
						
						
						
						
						
						
						
						
						
						
						
						
						
						
						
						
						
						
						
						
						
						
						
						
						
						
						
						
						
						
						
						
						
						
						
						
						
						
						
						
						
						
						
						
						
						
						
						
						
						
						
						
						
						
						
						
						
						
						
						
						
						
						
						
						
						
						
						
						
						
						
						
						
						
						
						
						
						
						
						
						
						
						
						
						
						
						
						
						
						
						
						
						
						
						
						
						
						
						
						
						
						
						
						
						
						
						
						
						
						
						
						
						
						
						
						
						
						
						
						
						
						
						
						
						
						
						
						
						
						
						
						
						
						
						
						
						
						
						
						
						
						
						
						
						
						
						
						
						
						
						
						
						
						
						
						
						
						
						
						
						
						
						
						
						
						
						
						
						
						
						
						
						
						
						
						
						
						
						
						
						
						
						
						
						
						
						
						
						
						
						
						
						
						
						
						
						
						
						
						
						
						
						
						
						
						
						
						
						
						
						
						
						
						
						
						
						
						
						
						
						
						
						
						
						
						
						
						
						
						
						
						
						
						
						
						
						
						
						
						
						
						
						
						
						
						
						
						
						
						
						
						
						
						
						
						
						
						
						
						
						
						
						
						
						
						
						
						
						
						
						
						
						
						
						
						
						
						
						
						
						
						
						
						
						
						
						
						
						
						
						
						
						
						
						
						
						
						
						
						
						
						
						
						
						
						
						
						
						
						
						
						
						
						
						
						
						
						
						
						
						
						
						
						
						
						
						
						
						
						
						
						
						
						
						
						
						
						
						
						
						
						
						
						
						
						
						
						
						
						
						
						
						
						
						
						
						
						
						
						
						
						
						
						
						
						
						
						
						
						
						
						
						
						
						
						
						
						
						
						
						
						
						
						
						
						
						
						
						
						
						
						
						
						
						
						
						
						
						
						
						
						
						
						
						
						
						
						
						
						
						
						
						
						
						
						
						
						
						
						
						
						
						
						
						
						
						
						
						
						
						
						
						
						
						
						
						
						
						
						
						
						
						
						
						
						
						
						
						
						
						
						
						
						
						
						
						
						
						
						
						
						
						
						
						
						
						
						
						
						
						
						
						
						
						
						
						
						
						
						
						
						
						
						
						
						
						
						
						
						
						
						
						
						
						
						
						
						
						
						
						
						
						
						
						
						
						
						
						
						
						
						
						
						
						
						
						
						
						
						
						
						
						
						
						
						
						
						
						
						
						
						
						
						
						
						
						
						
						
						
						
						
						
						
						
						
						
						
						
						
						
						
						
						
						
						
						
						
						
						
						
						
						
						
						
						
						
						
						
						
						
						
						
						
						
						
						
						
						
						
						
						
						
						
						
						
						
						
						
						
						
						
						
						
						
						
						
						
						
						
						
						
						
						
						
						
						
						
						
						
						
						
						
						
						
						
						
						
						
						
						
						
						
						
						
						
						
						
						
						
						
						
						
						
						
						
						
						
						
						
						
						
						
						
						
						
						
						
						
						
						
						
						
						
						
						
						
						
						
						
						
						
						
						
						
						
						
						
						
						
						
						
						
						
						
						
						
						
						
						
						
						
						
						
						
						
						
						
						
						
						
						
						
						
						
						
						
						
						
						
						
						
						
						
						
						
						
						
						
						
						
						
						
						
						
						
						
						
						
						
						
						
						
						
						
						
						
						
						
						
						
						
						
						
						
						
						
						
						
						
						
						
						
						
						
						
						
						
						
						
						
						
						
						
						
						
						
						
						
						
						
						
						
						
						
						
						
						
						
						
						
						
						
						
						
						
						
						
						
						
						
						
						
						
						
						
						
						
						
						
						
						
						
						
						
						
						
						
						
						
						
						
						
						
						
						
						
						
						
						
						
						
						
						
						
						
						
						
						
						
						
						
						
						
						
						
						
						
						
						
						
						
						
						
						
						
						
						
						
						
						
						
						
						
						
						
						
						
						
						
						
						
						
						
						
						
						
						
						
						
						
						
						
						
						
						
						
						
						
						
						
						
						
						
						
						
						
						
						
						
						
						
						
						
						
						
						
						
						
						
						
						
						
						
						
						
						
						
						
						
						
						
						
						
						
						
						
						
						
						
						
						
						
						
						
						
						
						
						
						
						
						
						
						
						
						
						
						
						
						
						
						
						
						
						
						
						
						
						
						
						
						
						
						
						
						
						
						
						
						
						
						
						
						
						
						
						
						
						
						
						
						
						
						
						
						
						
						
						
						
						
						
						
						
						
						
						
						
						
						
						
						
						
						
						
						
						
						
						
						
						
						
						
						
						
						
						
						
						
						
						
						
						
						
						
						
						
						
						
						
						
						
						
						
						
						
						
						
						
						
						
						
						
						
						
						
						
						
						
						
						
						
						
						
						
						
						
						
						
						
						
						
						
						
						
						
						
						
						
						
						
						
						
						
						
						
						
						
						
						
						
						
						
						
						
						
						
						
						
						
						
						
						
						
						
						
						
						
						
						
						
						
						
						
						
						
						
						
						
						
						
						
						
						
						
						
						
						
						
						
						
						
						
						
						
						
						
						
						
						
						
						
						
						
						
						
						
						
						
						
						
						
						
						
						
						
						
						
						
						
						
						
						
						
						
						
						
						
						
						
						
						
						
						
						
						
						
						
						
						
						
						
						
						
						
						
						
						
						
						
						
						
						
						
						
						
						
						
						
						
						
						
						
						
						
						
						
						
						
						
						
						
						
						
						
						
						
						
						
						
						
						
						
						
						
						
						
						
						
						
						
						
						
						
						
						
						
						
						
						
						
						
						
						
						
						
						
						
						
						
						
						
						
						
						
						
						
						
						
						
						
						
						
						
						
						
						
						
						
						
						
						
						
						
						
						
						
						
						
						
						
						
						
						
						
						
						
						
						
						
						
						
						
						
						
