0.01	0.01	0.01	0.01	-0.01	-0.01	
0.04	0.04	0.02	0.03	-0.03	-0.03	
0.08	0.07	0.04	0.06	-0.07	-0.06	
0.12	0.10	0.05	0.10	-0.10	-0.10	
0.15	0.12	0.04	0.13	-0.11	-0.13	
0.16	0.12	0.02	0.15	-0.11	-0.15	
0.16	0.10	-0.02	0.16	-0.09	-0.17	
0.15	0.07	-0.07	0.15	-0.07	-0.19	
0.14	0.04	-0.13	0.14	-0.05	-0.21	
0.13	0.01	-0.19	0.11	-0.04	-0.23	
0.12	-0.02	-0.26	0.08	-0.02	-0.25	
0.11	-0.06	-0.33	0.03	-0.01	-0.28	
0.10	-0.09	-0.40	-0.03	0.00	-0.30	
0.08	-0.13	-0.48	-0.09	0.01	-0.33	
0.07	-0.16	-0.55	-0.16	0.02	-0.36	
0.05	-0.21	-0.63	-0.23	0.03	-0.39	
0.02	-0.25	-0.71	-0.30	0.04	-0.43	
-0.01	-0.29	-0.79	-0.38	0.04	-0.47	
-0.04	-0.34	-0.87	-0.47	0.03	-0.51	
-0.07	-0.38	-0.95	-0.57	0.02	-0.56	
-0.10	-0.43	-1.02	-0.68	0.00	-0.60	
-0.13	-0.47	-1.09	-0.81	-0.02	-0.65	
-0.17	-0.51	-1.16	-0.95	-0.05	-0.69	
-0.20	-0.55	-1.23	-1.10	-0.09	-0.74	
-0.23	-0.59	-1.29	-1.28	-0.13	-0.78	
-0.27	-0.63	-1.35	-1.47	-0.19	-0.82	
-0.30	-0.67	-1.40	-1.67	-0.24	-0.86	
-0.34	-0.70	-1.45	-1.87	-0.30	-0.89	
-0.37	-0.74	-1.49	-2.09	-0.37	-0.92	
-0.40	-0.77	-1.53	-2.30	-0.43	-0.95	
-0.43	-0.80	-1.57	-2.52	-0.50	-0.97	
-0.47	-0.83	-1.60	-2.73	-0.56	-0.99	
-0.51	-0.86	-1.63	-2.94	-0.63	-1.01	
-0.54	-0.89	-1.65	-3.15	-0.69	-1.02	
-0.58	-0.91	-1.67	-3.36	-0.76	-1.03	
-0.61	-0.94	-1.68	-3.58	-0.82	-1.04	
-0.64	-0.96	-1.70	-3.79	-0.89	-1.04	
-0.67	-0.98	-1.70	-4.01	-0.95	-1.03	
-0.71	-1.00	-1.71	-4.22	-1.02	-1.02	
-0.74	-1.02	-1.71	-4.42	-1.08	-1.01	
-0.77	-1.04	-1.71	-4.61	-1.13	-0.99	
-0.80	-1.05	-1.71	-4.80	-1.19	-0.97	
-0.84	-1.07	-1.70	-4.96	-1.24	-0.94	
-0.88	-1.09	-1.69	-5.11	-1.28	-0.92	
-0.91	-1.10	-1.68	-5.24	-1.32	-0.89	
-0.95	-1.11	-1.66	-5.36	-1.36	-0.86	
-0.99	-1.13	-1.64	-5.46	-1.39	-0.84	
-1.03	-1.14	-1.61	-5.54	-1.42	-0.82	
-1.07	-1.15	-1.59	-5.63	-1.46	-0.80	
-1.11	-1.16	-1.56	-5.71	-1.50	-0.78	
-1.16	-1.17	-1.53	-5.78	-1.54	-0.77	
-1.20	-1.18	-1.50	-5.86	-1.59	-0.77	
-1.25	-1.19	-1.46	-5.94	-1.65	-0.77	
-1.29	-1.20	-1.42	-6.02	-1.72	-0.77	
-1.34	-1.20	-1.38	-6.10	-1.79	-0.78	
-1.39	-1.21	-1.33	-6.17	-1.87	-0.79	
-1.44	-1.21	-1.28	-6.24	-1.94	-0.80	
-1.50	-1.22	-1.23	-6.30	-2.03	-0.82	
-1.56	-1.22	-1.18	-6.37	-2.11	-0.85	
-1.63	-1.23	-1.12	-6.45	-2.21	-0.88	
-1.69	-1.23	-1.06	-6.53	-2.31	-0.92	
-1.76	-1.23	-0.99	-6.62	-2.43	-0.97	
-1.82	-1.22	-0.92	-6.72	-2.56	-1.02	
-1.88	-1.22	-0.85	-6.85	-2.69	-1.08	
-1.95	-1.21	-0.77	-6.98	-2.84	-1.15	
-2.01	-1.20	-0.69	-7.13	-2.99	-1.21	
-2.07	-1.19	-0.61	-7.30	-3.15	-1.28	
-2.13	-1.17	-0.52	-7.46	-3.32	-1.34	
-2.19	-1.15	-0.42	-7.64	-3.48	-1.40	
-2.24	-1.13	-0.33	-7.81	-3.64	-1.46	
-2.29	-1.11	-0.23	-7.98	-3.80	-1.52	
-2.34	-1.08	-0.13	-8.14	-3.96	-1.57	
-2.40	-1.05	-0.03	-8.30	-4.11	-1.62	
-2.44	-1.02	0.08	-8.46	-4.26	-1.67	
-2.49	-0.99	0.19	-8.61	-4.40	-1.71	
-2.53	-0.95	0.30	-8.76	-4.54	-1.75	
-2.57	-0.91	0.41	-8.91	-4.67	-1.79	
-2.60	-0.86	0.52	-9.06	-4.80	-1.81	
-2.63	-0.82	0.63	-9.21	-4.93	-1.83	
-2.65	-0.77	0.73	-9.35	-5.04	-1.85	
-2.68	-0.73	0.83	-9.48	-5.15	-1.86	
-2.70	-0.68	0.93	-9.60	-5.25	-1.86	
-2.72	-0.64	1.03	-9.71	-5.34	-1.85	
-2.74	-0.59	1.13	-9.81	-5.42	-1.85	
-2.75	-0.55	1.22	-9.89	-5.49	-1.83	
-2.77	-0.50	1.31	-9.94	-5.54	-1.82	
-2.78	-0.45	1.40	-9.98	-5.58	-1.80	
-2.79	-0.41	1.48	-10.00	-5.62	-1.78	
-2.79	-0.36	1.56	-10.02	-5.65	-1.77	
-2.80	-0.31	1.64	-10.02	-5.67	-1.76	
-2.80	-0.27	1.71	-10.03	-5.69	-1.75	
-2.80	-0.22	1.79	-10.03	-5.71	-1.75	
-2.79	-0.17	1.85	-10.02	-5.73	-1.74	
-2.78	-0.12	1.92	-10.02	-5.74	-1.74	
-2.77	-0.07	1.97	-10.01	-5.74	-1.74	
-2.76	-0.03	2.02	-9.99	-5.75	-1.74	
-2.74	0.01	2.07	-9.96	-5.74	-1.73	
-2.73	0.05	2.11	-9.92	-5.73	-1.73	
-2.72	0.09	2.15	-9.88	-5.71	-1.73	
-2.70	0.13	2.19	-9.83	-5.69	-1.73	
-2.69	0.16	2.21	-9.77	-5.67	-1.74	
-2.67	0.20	2.24	-9.71	-5.64	-1.74	
-2.65	0.23	2.26	-9.65	-5.61	-1.75	
-2.63	0.26	2.28	-9.60	-5.57	-1.75	
-2.60	0.30	2.29	-9.55	-5.54	-1.76	
-2.57	0.33	2.30	-9.51	-5.51	-1.77	
-2.54	0.36	2.30	-9.48	-5.48	-1.77	
-2.51	0.39	2.31	-9.45	-5.44	-1.77	
-2.47	0.42	2.31	-9.43	-5.41	-1.77	
-2.43	0.46	2.31	-9.41	-5.37	-1.75	
-2.38	0.50	2.31	-9.39	-5.32	-1.73	
-2.33	0.54	2.30	-9.35	-5.26	-1.70	
-2.28	0.57	2.29	-9.31	-5.19	-1.66	
-2.22	0.61	2.28	-9.26	-5.11	-1.61	
-2.17	0.65	2.27	-9.20	-5.03	-1.56	
-2.11	0.69	2.25	-9.14	-4.94	-1.51	
-2.05	0.73	2.24	-9.07	-4.84	-1.45	
-1.98	0.77	2.22	-9.01	-4.74	-1.40	
-1.91	0.81	2.20	-8.95	-4.64	-1.34	
-1.83	0.85	2.17	-8.88	-4.53	-1.28	
-1.75	0.90	2.15	-8.81	-4.42	-1.21	
-1.67	0.94	2.12	-8.73	-4.30	-1.14	
-1.59	0.98	2.09	-8.64	-4.17	-1.07	
-1.51	1.02	2.05	-8.53	-4.03	-0.99	
-1.42	1.06	2.02	-8.41	-3.88	-0.90	
-1.34	1.09	1.98	-8.27	-3.72	-0.81	
-1.26	1.13	1.94	-8.11	-3.54	-0.72	
-1.19	1.16	1.90	-7.93	-3.35	-0.62	
-1.11	1.18	1.85	-7.73	-3.15	-0.52	
-1.04	1.21	1.80	-7.53	-2.95	-0.43	
-0.97	1.22	1.75	-7.33	-2.75	-0.33	
-0.91	1.24	1.70	-7.12	-2.54	-0.24	
-0.84	1.25	1.64	-6.92	-2.34	-0.15	
-0.78	1.26	1.59	-6.72	-2.13	-0.07	
-0.72	1.27	1.53	-6.51	-1.92	0.02	
-0.66	1.27	1.48	-6.31	-1.72	0.10	
-0.60	1.28	1.42	-6.10	-1.51	0.18	
-0.54	1.28	1.36	-5.89	-1.29	0.26	
-0.49	1.28	1.31	-5.67	-1.08	0.34	
-0.44	1.27	1.25	-5.46	-0.87	0.41	
-0.40	1.27	1.20	-5.24	-0.66	0.48	
-0.36	1.25	1.14	-5.03	-0.46	0.55	
-0.32	1.24	1.08	-4.82	-0.26	0.61	
-0.29	1.22	1.03	-4.63	-0.07	0.67	
-0.25	1.21	0.97	-4.44	0.12	0.72	
-0.22	1.19	0.92	-4.28	0.29	0.77	
-0.19	1.17	0.87	-4.12	0.45	0.82	
-0.16	1.15	0.81	-3.99	0.60	0.87	
-0.13	1.13	0.76	-3.87	0.74	0.92	
-0.11	1.10	0.71	-3.76	0.88	0.96	
-0.08	1.07	0.66	-3.67	1.01	1.01	
-0.06	1.05	0.61	-3.57	1.13	1.06	
-0.05	1.02	0.55	-3.49	1.25	1.11	
-0.03	0.98	0.50	-3.40	1.36	1.16	
-0.02	0.95	0.45	-3.33	1.47	1.21	
-0.02	0.91	0.41	-3.26	1.57	1.26	
-0.01	0.88	0.36	-3.19	1.66	1.31	
-0.01	0.85	0.32	-3.13	1.75	1.35	
-0.01	0.81	0.28	-3.09	1.82	1.40	
-0.01	0.78	0.24	-3.05	1.90	1.45	
-0.00	0.75	0.21	-3.02	1.96	1.49	
-0.00	0.72	0.17	-3.00	2.02	1.54	
-0.00	0.69	0.14	-2.98	2.08	1.58	
-0.01	0.66	0.10	-2.96	2.14	1.63	
-0.02	0.62	0.07	-2.94	2.19	1.67	
-0.02	0.59	0.04	-2.91	2.24	1.72	
-0.04	0.56	0.01	-2.88	2.29	1.76	
-0.05	0.53	-0.03	-2.84	2.34	1.80	
-0.06	0.51	-0.06	-2.80	2.39	1.83	
-0.08	0.48	-0.09	-2.76	2.43	1.85	
-0.10	0.45	-0.12	-2.72	2.46	1.87	
-0.12	0.42	-0.15	-2.69	2.48	1.88	
-0.14	0.39	-0.19	-2.67	2.50	1.88	
-0.17	0.37	-0.22	-2.67	2.50	1.87	
-0.19	0.34	-0.25	-2.67	2.50	1.86	
-0.21	0.32	-0.28	-2.68	2.48	1.84	
-0.24	0.30	-0.30	-2.71	2.45	1.81	
-0.26	0.28	-0.33	-2.74	2.42	1.78	
-0.28	0.26	-0.35	-2.77	2.38	1.75	
-0.31	0.25	-0.38	-2.81	2.34	1.71	
-0.34	0.23	-0.40	-2.85	2.29	1.67	
-0.37	0.21	-0.41	-2.90	2.24	1.63	
-0.40	0.20	-0.43	-2.95	2.18	1.59	
-0.44	0.18	-0.45	-3.02	2.12	1.54	
-0.47	0.16	-0.46	-3.09	2.05	1.50	
-0.51	0.14	-0.48	-3.18	1.98	1.45	
-0.55	0.13	-0.50	-3.28	1.89	1.39	
-0.59	0.11	-0.51	-3.40	1.79	1.34	
-0.63	0.09	-0.53	-3.54	1.68	1.28	
-0.66	0.07	-0.54	-3.70	1.57	1.23	
-0.70	0.05	-0.56	-3.86	1.45	1.17	
-0.74	0.03	-0.57	-4.03	1.33	1.13	
-0.77	0.02	-0.58	-4.19	1.21	1.08	
-0.80	0.00	-0.60	-4.35	1.10	1.05	
-0.84	-0.01	-0.61	-4.50	1.00	1.02	
-0.87	-0.03	-0.62	-4.64	0.90	1.00	
-0.91	-0.04	-0.63	-4.78	0.81	0.98	
-0.94	-0.06	-0.64	-4.92	0.71	0.96	
-0.97	-0.07	-0.65	-5.06	0.62	0.94	
-0.99	-0.08	-0.65	-5.20	0.52	0.92	
-1.01	-0.09	-0.66	-5.34	0.43	0.91	
-1.02	-0.09	-0.66	-5.47	0.33	0.89	
-1.03	-0.09	-0.66	-5.61	0.24	0.88	
-1.04	-0.10	-0.66	-5.73	0.15	0.87	
-1.04	-0.10	-0.66	-5.84	0.08	0.86	
-1.05	-0.10	-0.65	-5.94	0.00	0.86	
-1.05	-0.10	-0.65	-6.03	-0.06	0.85	
-1.05	-0.10	-0.64	-6.10	-0.11	0.85	
-1.05	-0.10	-0.63	-6.15	-0.16	0.85	
-1.04	-0.10	-0.62	-6.18	-0.20	0.84	
-1.04	-0.10	-0.61	-6.21	-0.23	0.83	
-1.03	-0.09	-0.60	-6.22	-0.26	0.82	
-1.02	-0.09	-0.59	-6.24	-0.29	0.81	
-1.01	-0.09	-0.58	-6.24	-0.32	0.79	
-1.00	-0.08	-0.56	-6.25	-0.35	0.77	
-0.98	-0.07	-0.55	-6.26	-0.38	0.74	
-0.96	-0.06	-0.53	-6.27	-0.41	0.72	
-0.94	-0.05	-0.52	-6.27	-0.44	0.69	
-0.92	-0.05	-0.50	-6.27	-0.46	0.67	
-0.91	-0.04	-0.49	-6.27	-0.48	0.63	
-0.89	-0.04	-0.47	-6.26	-0.51	0.60	
-0.88	-0.04	-0.46	-6.25	-0.53	0.56	
-0.87	-0.03	-0.44	-6.24	-0.56	0.51	
-0.86	-0.03	-0.43	-6.23	-0.59	0.45	
-0.85	-0.03	-0.41	-6.23	-0.62	0.39	
-0.83	-0.02	-0.39	-6.23	-0.66	0.32	
-0.82	-0.02	-0.36	-6.25	-0.70	0.25	
-0.80	-0.01	-0.34	-6.28	-0.75	0.17	
-0.79	0.00	-0.31	-6.32	-0.80	0.08	
-0.77	0.01	-0.28	-6.38	-0.86	-0.00	
-0.75	0.02	-0.26	-6.44	-0.92	-0.09	
-0.74	0.03	-0.22	-6.52	-0.99	-0.18	
-0.72	0.04	-0.19	-6.60	-1.05	-0.26	
-0.70	0.05	-0.16	-6.67	-1.12	-0.34	
-0.68	0.06	-0.13	-6.74	-1.17	-0.42	
-0.66	0.08	-0.09	-6.81	-1.23	-0.49	
-0.64	0.09	-0.06	-6.87	-1.27	-0.56	
-0.62	0.10	-0.03	-6.92	-1.31	-0.62	
-0.60	0.11	0.01	-6.97	-1.35	-0.69	
-0.58	0.12	0.04	-7.02	-1.38	-0.75	
-0.56	0.13	0.07	-7.07	-1.42	-0.81	
-0.53	0.15	0.10	-7.12	-1.45	-0.87	
-0.51	0.16	0.13	-7.17	-1.49	-0.93	
-0.48	0.17	0.16	-7.22	-1.52	-0.99	
-0.45	0.18	0.18	-7.27	-1.56	-1.04	
-0.42	0.19	0.21	-7.31	-1.59	-1.10	
-0.39	0.21	0.23	-7.34	-1.61	-1.15	
-0.35	0.22	0.26	-7.35	-1.63	-1.20	
-0.32	0.24	0.29	-7.36	-1.64	-1.25	
-0.28	0.26	0.31	-7.34	-1.64	-1.30	
-0.23	0.28	0.34	-7.31	-1.64	-1.34	
-0.19	0.30	0.36	-7.27	-1.64	-1.38	
-0.15	0.32	0.39	-7.23	-1.63	-1.43	
-0.10	0.35	0.42	-7.18	-1.62	-1.47	
-0.05	0.37	0.44	-7.13	-1.62	-1.51	
-0.00	0.40	0.47	-7.09	-1.62	-1.56	
0.05	0.43	0.50	-7.05	-1.62	-1.61	
0.11	0.47	0.54	-7.01	-1.63	-1.66	
0.17	0.50	0.57	-6.98	-1.65	-1.71	
0.23	0.54	0.61	-6.94	-1.67	-1.76	
0.29	0.58	0.64	-6.91	-1.69	-1.81	
0.34	0.61	0.67	-6.87	-1.71	-1.87	
0.39	0.65	0.71	-6.84	-1.73	-1.92	
0.44	0.68	0.74	-6.80	-1.76	-1.98	
0.48	0.71	0.77	-6.77	-1.79	-2.04	
0.52	0.74	0.80	-6.75	-1.83	-2.10	
0.57	0.78	0.83	-6.74	-1.87	-2.16	
0.61	0.81	0.86	-6.73	-1.91	-2.23	
0.65	0.84	0.89	-6.75	-1.97	-2.29	
0.69	0.88	0.92	-6.77	-2.02	-2.34	
0.72	0.91	0.95	-6.81	-2.09	-2.39	
0.76	0.95	0.98	-6.87	-2.15	-2.44	
0.79	0.98	1.00	-6.93	-2.21	-2.48	
0.83	1.02	1.03	-6.99	-2.27	-2.51	
0.86	1.05	1.06	-7.06	-2.33	-2.52	
0.89	1.08	1.08	-7.13	-2.38	-2.53	
0.91	1.12	1.11	-7.20	-2.42	-2.53	
0.92	1.15	1.13	-7.27	-2.46	-2.53	
0.94	1.17	1.16	-7.34	-2.50	-2.51	
0.94	1.20	1.18	-7.41	-2.53	-2.49	
0.95	1.23	1.21	-7.49	-2.57	-2.47	
0.95	1.26	1.24	-7.57	-2.60	-2.43	
0.95	1.28	1.26	-7.66	-2.62	-2.39	
0.94	1.30	1.29	-7.76	-2.64	-2.34	
0.93	1.33	1.31	-7.85	-2.66	-2.28	
0.92	1.34	1.34	-7.94	-2.67	-2.22	
0.89	1.36	1.36	-8.03	-2.67	-2.14	
0.86	1.37	1.38	-8.11	-2.67	-2.06	
0.83	1.38	1.40	-8.19	-2.66	-1.97	
0.79	1.38	1.42	-8.25	-2.65	-1.87	
0.75	1.39	1.44	-8.31	-2.62	-1.78	
0.70	1.39	1.46	-8.36	-2.59	-1.67	
0.64	1.38	1.48	-8.40	-2.56	-1.57	
0.59	1.38	1.50	-8.43	-2.53	-1.47	
0.52	1.37	1.52	-8.47	-2.49	-1.37	
0.46	1.36	1.54	-8.52	-2.45	-1.27	
0.39	1.35	1.57	-8.56	-2.42	-1.16	
0.32	1.34	1.59	-8.62	-2.38	-1.06	
0.25	1.32	1.61	-8.67	-2.34	-0.96	
0.18	1.31	1.63	-8.73	-2.31	-0.85	
0.11	1.29	1.65	-8.79	-2.27	-0.74	
0.03	1.27	1.67	-8.84	-2.23	-0.62	
-0.05	1.24	1.69	-8.90	-2.19	-0.51	
-0.14	1.21	1.70	-8.95	-2.14	-0.39	
-0.23	1.18	1.72	-9.01	-2.10	-0.28	
-0.33	1.15	1.74	-9.06	-2.05	-0.16	
-0.42	1.11	1.76	-9.12	-2.01	-0.05	
-0.51	1.08	1.78	-9.19	-1.96	0.07	
-0.61	1.04	1.80	-9.26	-1.92	0.19	
-0.70	1.01	1.82	-9.35	-1.88	0.31	
-0.80	0.97	1.85	-9.45	-1.85	0.43	
-0.89	0.94	1.88	-9.55	-1.82	0.55	
-0.98	0.91	1.91	-9.67	-1.80	0.67	
-1.07	0.87	1.94	-9.80	-1.77	0.80	
-1.16	0.85	1.98	-9.93	-1.75	0.93	
-1.24	0.82	2.02	-10.05	-1.72	1.06	
-1.33	0.80	2.06	-10.17	-1.69	1.20	
-1.41	0.77	2.10	-10.29	-1.66	1.33	
-1.50	0.75	2.15	-10.40	-1.62	1.47	
-1.58	0.73	2.19	-10.51	-1.58	1.60	
-1.66	0.71	2.24	-10.62	-1.55	1.74	
-1.74	0.69	2.29	-10.72	-1.51	1.87	
-1.82	0.67	2.33	-10.83	-1.48	2.00	
-1.89	0.66	2.38	-10.95	-1.45	2.12	
-1.96	0.64	2.43	-11.06	-1.42	2.24	
-2.03	0.64	2.48	-11.16	-1.40	2.36	
-2.09	0.63	2.53	-11.27	-1.38	2.48	
-2.15	0.62	2.58	-11.36	-1.35	2.59	
-2.21	0.62	2.63	-11.44	-1.33	2.69	
-2.26	0.62	2.68	-11.50	-1.30	2.79	
-2.31	0.63	2.73	-11.55	-1.26	2.89	
-2.36	0.63	2.78	-11.57	-1.22	2.98	
-2.40	0.64	2.82	-11.58	-1.18	3.06	
-2.43	0.65	2.87	-11.57	-1.13	3.13	
-2.46	0.67	2.92	-11.55	-1.08	3.18	
-2.48	0.69	2.97	-11.53	-1.04	3.23	
-2.50	0.71	3.02	-11.49	-1.00	3.27	
-2.51	0.73	3.06	-11.45	-0.96	3.29	
-2.51	0.76	3.11	-11.41	-0.93	3.30	
-2.50	0.80	3.15	-11.36	-0.90	3.30	
-2.48	0.83	3.19	-11.30	-0.87	3.29	
-2.46	0.87	3.23	-11.23	-0.84	3.27	
-2.43	0.91	3.26	-11.14	-0.80	3.23	
-2.40	0.95	3.30	-11.04	-0.77	3.19	
-2.36	0.99	3.32	-10.93	-0.74	3.14	
-2.32	1.03	3.35	-10.81	-0.70	3.08	
-2.27	1.07	3.37	-10.67	-0.67	3.02	
-2.21	1.11	3.38	-10.54	-0.65	2.94	
-2.15	1.15	3.39	-10.39	-0.62	2.85	
-2.08	1.19	3.40	-10.25	-0.60	2.76	
-2.01	1.23	3.40	-10.11	-0.58	2.66	
-1.93	1.28	3.40	-9.97	-0.57	2.55	
-1.85	1.32	3.39	-9.83	-0.57	2.44	
-1.76	1.36	3.38	-9.70	-0.56	2.32	
-1.66	1.40	3.36	-9.56	-0.56	2.20	
-1.56	1.44	3.34	-9.41	-0.55	2.07	
-1.45	1.48	3.31	-9.26	-0.55	1.95	
-1.34	1.52	3.28	-9.10	-0.54	1.82	
-1.22	1.56	3.24	-8.92	-0.53	1.68	
-1.10	1.59	3.20	-8.74	-0.52	1.55	
-0.97	1.63	3.15	-8.55	-0.51	1.41	
-0.84	1.67	3.10	-8.35	-0.49	1.26	
-0.70	1.71	3.05	-8.15	-0.47	1.11	
-0.55	1.75	2.99	-7.95	-0.45	0.96	
-0.40	1.79	2.93	-7.75	-0.43	0.81	
-0.24	1.83	2.86	-7.54	-0.41	0.65	
-0.07	1.87	2.80	-7.33	-0.39	0.49	
0.10	1.90	2.72	-7.11	-0.36	0.34	
0.27	1.94	2.65	-6.89	-0.33	0.18	
0.45	1.98	2.57	-6.65	-0.29	0.03	
0.62	2.01	2.48	-6.40	-0.25	-0.13	
0.80	2.04	2.40	-6.14	-0.19	-0.28	
0.98	2.07	2.31	-5.87	-0.13	-0.43	
1.17	2.11	2.22	-5.58	-0.07	-0.58	
1.35	2.14	2.13	-5.28	0.00	-0.74	
1.54	2.17	2.04	-4.99	0.08	-0.89	
1.72	2.20	1.95	-4.69	0.15	-1.04	
1.91	2.23	1.86	-4.40	0.22	-1.20	
2.09	2.26	1.77	-4.12	0.29	-1.35	
2.28	2.29	1.68	-3.84	0.36	-1.51	
2.47	2.32	1.58	-3.57	0.42	-1.66	
2.66	2.35	1.49	-3.30	0.49	-1.81	
2.85	2.37	1.40	-3.04	0.56	-1.96	
3.03	2.40	1.30	-2.77	0.63	-2.10	
3.22	2.43	1.21	-2.50	0.71	-2.24	
3.39	2.45	1.12	-2.22	0.79	-2.37	
3.57	2.48	1.02	-1.95	0.88	-2.49	
3.74	2.50	0.93	-1.69	0.96	-2.62	
3.91	2.53	0.84	-1.43	1.04	-2.73	
4.08	2.55	0.76	-1.19	1.13	-2.85	
4.24	2.58	0.67	-0.96	1.20	-2.96	
4.40	2.60	0.59	-0.75	1.27	-3.06	
4.56	2.63	0.50	-0.55	1.34	-3.16	
4.72	2.65	0.43	-0.38	1.40	-3.25	
4.87	2.68	0.35	-0.21	1.47	-3.33	
5.03	2.72	0.28	-0.06	1.53	-3.40	
5.18	2.75	0.21	0.09	1.60	-3.46	
5.33	2.79	0.15	0.24	1.68	-3.50	
5.48	2.83	0.09	0.39	1.76	-3.52	
5.62	2.86	0.03	0.54	1.85	-3.54	
5.75	2.90	-0.02	0.69	1.94	-3.54	
5.88	2.94	-0.07	0.83	2.04	-3.53	
6.01	2.98	-0.11	0.98	2.14	-3.52	
6.13	3.03	-0.15	1.11	2.24	-3.49	
6.26	3.08	-0.18	1.24	2.34	-3.46	
6.38	3.13	-0.21	1.36	2.44	-3.42	
6.50	3.18	-0.23	1.48	2.54	-3.37	
6.63	3.24	-0.25	1.59	2.65	-3.32	
6.74	3.30	-0.26	1.70	2.76	-3.25	
6.85	3.36	-0.27	1.81	2.87	-3.19	
6.96	3.41	-0.28	1.92	2.98	-3.11	
7.06	3.47	-0.29	2.04	3.09	-3.03	
7.15	3.53	-0.29	2.16	3.21	-2.95	
7.24	3.58	-0.29	2.29	3.34	-2.86	
7.32	3.63	-0.29	2.43	3.46	-2.77	
7.39	3.68	-0.28	2.57	3.59	-2.68	
7.45	3.72	-0.28	2.70	3.71	-2.58	
7.51	3.77	-0.27	2.83	3.84	-2.49	
7.56	3.81	-0.26	2.96	3.96	-2.40	
7.60	3.85	-0.25	3.08	4.07	-2.30	
7.64	3.89	-0.23	3.19	4.19	-2.21	
7.68	3.93	-0.21	3.29	4.30	-2.11	
7.70	3.97	-0.19	3.39	4.40	-2.02	
7.72	4.00	-0.17	3.49	4.51	-1.93	
7.74	4.04	-0.15	3.59	4.61	-1.84	
7.74	4.06	-0.13	3.69	4.71	-1.75	
7.74	4.09	-0.10	3.79	4.81	-1.66	
7.73	4.11	-0.07	3.89	4.90	-1.58	
7.71	4.14	-0.04	3.97	4.99	-1.50	
7.69	4.16	-0.01	4.05	5.07	-1.43	
7.67	4.18	0.02	4.12	5.14	-1.36	
7.64	4.19	0.05	4.18	5.21	-1.30	
7.61	4.20	0.09	4.21	5.26	-1.25	
7.57	4.21	0.12	4.23	5.30	-1.20	
7.52	4.22	0.16	4.24	5.32	-1.15	
7.48	4.22	0.19	4.23	5.34	-1.11	
7.43	4.22	0.22	4.22	5.35	-1.07	
7.37	4.22	0.26	4.20	5.36	-1.02	
7.31	4.22	0.29	4.18	5.37	-0.98	
7.25	4.21	0.32	4.16	5.37	-0.94	
7.18	4.20	0.35	4.14	5.37	-0.90	
7.11	4.19	0.39	4.12	5.37	-0.87	
7.04	4.17	0.42	4.10	5.36	-0.83	
6.96	4.15	0.45	4.08	5.34	-0.81	
6.89	4.14	0.49	4.04	5.32	-0.79	
6.81	4.12	0.52	4.00	5.29	-0.77	
6.74	4.10	0.56	3.95	5.25	-0.76	
6.66	4.08	0.59	3.90	5.21	-0.75	
6.59	4.06	0.63	3.84	5.16	-0.74	
6.52	4.04	0.66	3.78	5.10	-0.74	
6.45	4.02	0.70	3.73	5.05	-0.74	
6.37	3.99	0.73	3.68	4.99	-0.74	
6.30	3.97	0.76	3.63	4.93	-0.74	
6.23	3.94	0.80	3.60	4.88	-0.74	
6.15	3.92	0.83	3.58	4.83	-0.74	
6.08	3.89	0.86	3.57	4.78	-0.74	
6.00	3.86	0.89	3.56	4.72	-0.75	
5.92	3.83	0.92	3.55	4.66	-0.77	
5.84	3.80	0.94	3.54	4.60	-0.79	
5.76	3.76	0.97	3.52	4.53	-0.81	
5.68	3.73	0.99	3.49	4.45	-0.84	
5.60	3.70	1.01	3.46	4.36	-0.87	
5.52	3.66	1.03	3.42	4.27	-0.91	
5.44	3.63	1.05	3.38	4.18	-0.95	
5.36	3.60	1.07	3.34	4.08	-0.99	
5.28	3.56	1.09	3.29	3.98	-1.03	
5.19	3.52	1.10	3.25	3.88	-1.08	
5.10	3.48	1.11	3.21	3.78	-1.13	
5.01	3.44	1.12	3.16	3.68	-1.18	
4.92	3.39	1.14	3.11	3.58	-1.24	
4.82	3.35	1.15	3.05	3.47	-1.29	
4.73	3.31	1.16	2.99	3.36	-1.35	
4.64	3.27	1.17	2.91	3.24	-1.41	
4.54	3.23	1.18	2.82	3.12	-1.46	
4.45	3.19	1.19	2.71	2.99	-1.52	
4.36	3.15	1.20	2.59	2.85	-1.58	
4.27	3.11	1.21	2.45	2.72	-1.63	
4.18	3.07	1.22	2.31	2.58	-1.68	
4.09	3.04	1.23	2.16	2.44	-1.73	
4.00	3.00	1.23	2.02	2.31	-1.77	
3.90	2.96	1.24	1.87	2.17	-1.81	
3.81	2.92	1.24	1.72	2.04	-1.85	
3.72	2.88	1.24	1.57	1.91	-1.89	
3.63	2.85	1.25	1.41	1.78	-1.94	
3.54	2.81	1.25	1.26	1.65	-1.98	
3.45	2.78	1.25	1.09	1.52	-2.02	
3.37	2.75	1.25	0.92	1.39	-2.06	
3.29	2.72	1.25	0.75	1.26	-2.09	
3.21	2.69	1.25	0.57	1.13	-2.13	
3.14	2.67	1.25	0.38	1.01	-2.16	
3.07	2.64	1.25	0.20	0.89	-2.19	
2.99	2.62	1.24	0.02	0.78	-2.22	
2.92	2.59	1.24	-0.16	0.66	-2.25	
2.85	2.57	1.23	-0.33	0.56	-2.28	
2.78	2.55	1.22	-0.49	0.45	-2.32	
2.71	2.52	1.20	-0.65	0.36	-2.35	
2.65	2.50	1.19	-0.80	0.26	-2.39	
2.58	2.47	1.18	-0.95	0.17	-2.43	
2.51	2.44	1.16	-1.10	0.09	-2.48	
2.44	2.42	1.14	-1.25	-0.00	-2.53	
2.38	2.39	1.13	-1.41	-0.09	-2.58	
2.31	2.37	1.11	-1.57	-0.18	-2.63	
2.25	2.34	1.09	-1.73	-0.26	-2.69	
2.18	2.32	1.07	-1.90	-0.35	-2.74	
2.12	2.29	1.05	-2.06	-0.44	-2.79	
2.05	2.26	1.03	-2.23	-0.52	-2.84	
1.98	2.23	1.01	-2.39	-0.60	-2.88	
1.91	2.19	0.99	-2.55	-0.68	-2.93	
1.83	2.16	0.97	-2.71	-0.75	-2.97	
1.75	2.12	0.95	-2.87	-0.82	-3.01	
1.67	2.09	0.93	-3.03	-0.89	-3.05	
1.59	2.05	0.92	-3.19	-0.96	-3.10	
1.50	2.01	0.90	-3.36	-1.02	-3.14	
1.42	1.97	0.89	-3.54	-1.09	-3.18	
1.33	1.93	0.88	-3.73	-1.17	-3.21	
1.24	1.89	0.86	-3.93	-1.24	-3.25	
1.14	1.85	0.85	-4.14	-1.32	-3.27	
1.05	1.80	0.84	-4.36	-1.40	-3.29	
0.95	1.75	0.83	-4.59	-1.47	-3.31	
0.85	1.70	0.82	-4.81	-1.54	-3.31	
0.75	1.65	0.80	-5.03	-1.61	-3.31	
0.64	1.59	0.79	-5.25	-1.66	-3.29	
0.53	1.53	0.78	-5.45	-1.71	-3.27	
0.42	1.47	0.77	-5.66	-1.76	-3.24	
0.31	1.41	0.76	-5.86	-1.79	-3.21	
0.19	1.34	0.75	-6.06	-1.83	-3.17	
0.08	1.28	0.75	-6.26	-1.86	-3.12	
-0.04	1.21	0.74	-6.47	-1.89	-3.06	
-0.15	1.14	0.74	-6.67	-1.92	-3.00	
-0.26	1.08	0.73	-6.87	-1.95	-2.92	
-0.37	1.01	0.73	-7.07	-1.97	-2.85	
-0.48	0.94	0.73	-7.27	-1.98	-2.76	
-0.59	0.87	0.72	-7.45	-1.98	-2.66	
-0.71	0.80	0.72	-7.62	-1.98	-2.57	
-0.82	0.73	0.72	-7.77	-1.97	-2.46	
-0.94	0.66	0.71	-7.91	-1.95	-2.35	
-1.05	0.58	0.71	-8.03	-1.92	-2.25	
-1.17	0.50	0.70	-8.14	-1.89	-2.14	
-1.28	0.42	0.70	-8.23	-1.86	-2.03	
-1.39	0.34	0.69	-8.32	-1.82	-1.93	
-1.51	0.26	0.68	-8.41	-1.79	-1.84	
-1.62	0.18	0.67	-8.49	-1.76	-1.75	
-1.73	0.10	0.67	-8.58	-1.73	-1.66	
-1.84	0.02	0.66	-8.66	-1.70	-1.58	
-1.94	-0.05	0.65	-8.73	-1.68	-1.50	
-2.05	-0.13	0.65	-8.80	-1.65	-1.42	
-2.15	-0.21	0.64	-8.86	-1.63	-1.35	
-2.25	-0.29	0.63	-8.91	-1.60	-1.28	
-2.35	-0.37	0.63	-8.95	-1.58	-1.21	
-2.45	-0.44	0.62	-8.98	-1.56	-1.15	
-2.55	-0.52	0.61	-9.02	-1.55	-1.10	
-2.64	-0.60	0.60	-9.05	-1.54	-1.06	
-2.73	-0.67	0.59	-9.08	-1.54	-1.03	
-2.82	-0.75	0.58	-9.12	-1.55	-1.00	
-2.91	-0.82	0.57	-9.16	-1.57	-0.99	
-2.99	-0.89	0.55	-9.20	-1.60	-0.98	
-3.07	-0.96	0.54	-9.26	-1.64	-0.97	
-3.15	-1.03	0.52	-9.31	-1.69	-0.97	
-3.22	-1.09	0.50	-9.38	-1.74	-0.98	
-3.30	-1.16	0.48	-9.44	-1.79	-0.98	
-3.36	-1.22	0.46	-9.49	-1.85	-0.99	
-3.43	-1.28	0.43	-9.54	-1.91	-0.99	
-3.49	-1.33	0.41	-9.58	-1.97	-1.00	
-3.55	-1.38	0.38	-9.62	-2.02	-1.01	
-3.60	-1.43	0.36	-9.64	-2.08	-1.02	
-3.65	-1.48	0.34	-9.66	-2.15	-1.04	
-3.70	-1.52	0.32	-9.68	-2.21	-1.06	
-3.74	-1.55	0.30	-9.71	-2.28	-1.09	
-3.77	-1.58	0.28	-9.73	-2.36	-1.12	
-3.80	-1.61	0.26	-9.76	-2.44	-1.16	
-3.82	-1.63	0.25	-9.79	-2.53	-1.20	
-3.84	-1.65	0.23	-9.82	-2.62	-1.25	
-3.86	-1.67	0.21	-9.85	-2.71	-1.31	
-3.87	-1.69	0.19	-9.87	-2.81	-1.37	
-3.89	-1.70	0.17	-9.88	-2.91	-1.43	
-3.90	-1.71	0.15	-9.88	-3.01	-1.50	
-3.90	-1.71	0.13	-9.88	-3.10	-1.58	
-3.91	-1.71	0.11	-9.85	-3.19	-1.65	
-3.91	-1.71	0.10	-9.82	-3.29	-1.74	
-3.91	-1.71	0.08	-9.78	-3.38	-1.82	
-3.90	-1.71	0.06	-9.74	-3.47	-1.92	
-3.90	-1.70	0.04	-9.70	-3.57	-2.03	
-3.89	-1.69	0.02	-9.67	-3.68	-2.14	
-3.88	-1.68	0.01	-9.64	-3.80	-2.27	
-3.86	-1.67	-0.01	-9.62	-3.93	-2.40	
-3.83	-1.65	-0.03	-9.60	-4.06	-2.55	
-3.81	-1.63	-0.04	-9.58	-4.20	-2.69	
-3.78	-1.61	-0.05	-9.56	-4.33	-2.85	
-3.75	-1.58	-0.07	-9.53	-4.46	-3.00	
-3.72	-1.56	-0.08	-9.49	-4.59	-3.16	
-3.69	-1.54	-0.10	-9.45	-4.72	-3.31	
-3.66	-1.51	-0.11	-9.40	-4.85	-3.48	
-3.63	-1.49	-0.12	-9.36	-4.98	-3.64	
-3.59	-1.46	-0.14	-9.31	-5.11	-3.80	
-3.55	-1.44	-0.15	-9.27	-5.24	-3.97	
-3.51	-1.41	-0.16	-9.24	-5.37	-4.14	
-3.47	-1.39	-0.17	-9.21	-5.51	-4.30	
-3.43	-1.36	-0.18	-9.19	-5.64	-4.47	
-3.39	-1.33	-0.19	-9.18	-5.78	-4.63	
-3.34	-1.30	-0.20	-9.17	-5.91	-4.79	
-3.29	-1.27	-0.20	-9.17	-6.03	-4.93	
-3.24	-1.24	-0.21	-9.15	-6.15	-5.07	
-3.19	-1.21	-0.21	-9.14	-6.26	-5.20	
-3.13	-1.18	-0.21	-9.11	-6.35	-5.32	
-3.08	-1.15	-0.22	-9.08	-6.44	-5.44	
-3.02	-1.11	-0.21	-9.04	-6.51	-5.54	
-2.96	-1.08	-0.21	-8.99	-6.58	-5.63	
-2.90	-1.04	-0.20	-8.95	-6.65	-5.72	
-2.84	-1.01	-0.20	-8.91	-6.71	-5.80	
-2.77	-0.97	-0.19	-8.88	-6.76	-5.87	
-2.70	-0.93	-0.18	-8.84	-6.81	-5.94	
-2.63	-0.89	-0.17	-8.81	-6.84	-5.99	
-2.56	-0.85	-0.17	-8.77	-6.87	-6.03	
-2.50	-0.81	-0.16	-8.72	-6.88	-6.06	
-2.43	-0.78	-0.16	-8.66	-6.87	-6.07	
-2.37	-0.75	-0.15	-8.59	-6.85	-6.07	
-2.31	-0.72	-0.15	-8.50	-6.81	-6.05	
-2.25	-0.70	-0.16	-8.40	-6.75	-6.02	
-2.20	-0.67	-0.16	-8.28	-6.68	-5.99	
-2.14	-0.65	-0.16	-8.16	-6.60	-5.94	
-2.09	-0.62	-0.16	-8.02	-6.50	-5.89	
-2.04	-0.60	-0.16	-7.88	-6.40	-5.83	
-1.99	-0.58	-0.17	-7.74	-6.28	-5.76	
-1.94	-0.57	-0.17	-7.60	-6.16	-5.69	
-1.90	-0.55	-0.17	-7.46	-6.03	-5.61	
-1.85	-0.53	-0.18	-7.32	-5.89	-5.52	
-1.81	-0.51	-0.19	-7.18	-5.74	-5.41	
-1.77	-0.50	-0.20	-7.02	-5.57	-5.30	
-1.73	-0.49	-0.20	-6.86	-5.40	-5.18	
-1.69	-0.48	-0.21	-6.70	-5.21	-5.05	
-1.66	-0.47	-0.22	-6.52	-5.02	-4.91	
-1.63	-0.46	-0.23	-6.34	-4.81	-4.77	
-1.61	-0.45	-0.24	-6.15	-4.59	-4.62	
-1.59	-0.45	-0.25	-5.96	-4.37	-4.47	
-1.57	-0.44	-0.26	-5.76	-4.14	-4.31	
-1.55	-0.44	-0.27	-5.58	-3.91	-4.15	
-1.53	-0.44	-0.27	-5.39	-3.68	-3.99	
-1.52	-0.44	-0.29	-5.21	-3.44	-3.83	
-1.51	-0.44	-0.30	-5.05	-3.21	-3.67	
-1.50	-0.44	-0.31	-4.88	-2.97	-3.51	
-1.50	-0.45	-0.33	-4.72	-2.74	-3.34	
-1.50	-0.46	-0.34	-4.56	-2.50	-3.18	
-1.50	-0.47	-0.36	-4.40	-2.26	-3.01	
-1.51	-0.49	-0.39	-4.22	-2.01	-2.84	
-1.52	-0.51	-0.41	-4.04	-1.76	-2.68	
-1.53	-0.53	-0.44	-3.86	-1.50	-2.51	
-1.55	-0.55	-0.47	-3.67	-1.24	-2.34	
-1.58	-0.58	-0.50	-3.47	-0.98	-2.17	
-1.60	-0.61	-0.54	-3.28	-0.71	-2.01	
-1.63	-0.64	-0.57	-3.09	-0.45	-1.85	
-1.65	-0.67	-0.61	-2.90	-0.20	-1.68	
-1.67	-0.69	-0.64	-2.72	0.06	-1.52	
-1.69	-0.72	-0.68	-2.54	0.31	-1.36	
-1.70	-0.75	-0.71	-2.36	0.56	-1.20	
-1.72	-0.77	-0.74	-2.18	0.82	-1.04	
-1.74	-0.80	-0.78	-1.99	1.07	-0.87	
-1.76	-0.82	-0.82	-1.79	1.33	-0.71	
-1.78	-0.85	-0.85	-1.59	1.59	-0.55	
-1.80	-0.87	-0.89	-1.37	1.85	-0.38	
-1.81	-0.90	-0.92	-1.15	2.12	-0.22	
-1.82	-0.92	-0.95	-0.93	2.38	-0.07	
-1.84	-0.94	-0.98	-0.70	2.63	0.08	
-1.85	-0.95	-1.01	-0.48	2.88	0.22	
-1.85	-0.97	-1.04	-0.26	3.12	0.35	
-1.86	-0.98	-1.06	-0.05	3.36	0.48	
-1.86	-0.99	-1.08	0.16	3.58	0.60	
-1.86	-0.99	-1.10	0.36	3.80	0.71	
-1.85	-0.99	-1.11	0.56	4.00	0.82	
-1.84	-0.99	-1.13	0.75	4.20	0.93	
-1.83	-0.99	-1.15	0.95	4.39	1.02	
-1.82	-0.99	-1.16	1.14	4.57	1.12	
-1.81	-0.99	-1.18	1.33	4.75	1.20	
-1.80	-0.99	-1.19	1.52	4.92	1.29	
-1.79	-0.98	-1.20	1.71	5.08	1.36	
-1.78	-0.98	-1.21	1.89	5.22	1.43	
-1.76	-0.97	-1.22	2.06	5.36	1.50	
-1.74	-0.95	-1.22	2.23	5.49	1.55	
-1.72	-0.94	-1.22	2.38	5.60	1.60	
-1.69	-0.92	-1.22	2.52	5.70	1.65	
-1.67	-0.90	-1.21	2.65	5.79	1.69	
-1.64	-0.88	-1.20	2.76	5.86	1.73	
-1.60	-0.86	-1.19	2.87	5.93	1.76	
-1.57	-0.83	-1.18	2.97	5.99	1.79	
-1.53	-0.81	-1.17	3.06	6.04	1.82	
-1.49	-0.78	-1.15	3.16	6.08	1.85	
-1.45	-0.75	-1.14	3.25	6.12	1.87	
-1.41	-0.72	-1.12	3.35	6.15	1.90	
-1.37	-0.69	-1.10	3.45	6.18	1.92	
-1.33	-0.65	-1.07	3.55	6.20	1.94	
-1.28	-0.62	-1.05	3.64	6.22	1.97	
-1.23	-0.58	-1.02	3.73	6.23	1.99	
-1.18	-0.54	-0.98	3.82	6.24	2.01	
-1.12	-0.49	-0.94	3.89	6.24	2.03	
-1.06	-0.44	-0.90	3.96	6.24	2.05	
-0.99	-0.39	-0.86	4.03	6.23	2.06	
-0.92	-0.33	-0.81	4.09	6.21	2.08	
-0.85	-0.28	-0.76	4.14	6.19	2.09	
-0.77	-0.22	-0.70	4.20	6.17	2.10	
-0.70	-0.16	-0.65	4.27	6.15	2.12	
-0.62	-0.09	-0.59	4.33	6.13	2.13	
-0.54	-0.02	-0.52	4.41	6.11	2.14	
-0.47	0.05	-0.46	4.49	6.10	2.15	
-0.39	0.12	-0.39	4.57	6.08	2.16	
-0.31	0.19	-0.32	4.65	6.06	2.16	
-0.23	0.27	-0.24	4.72	6.04	2.17	
-0.15	0.35	-0.16	4.79	6.02	2.17	
-0.07	0.43	-0.08	4.84	5.99	2.17	
0.02	0.51	0.01	4.89	5.95	2.17	
0.10	0.60	0.10	4.93	5.91	2.17	
0.18	0.68	0.19	4.96	5.87	2.17	
0.26	0.77	0.28	4.99	5.82	2.17	
0.34	0.86	0.37	5.02	5.77	2.17	
0.41	0.94	0.47	5.04	5.72	2.18	
0.48	1.03	0.56	5.06	5.67	2.18	
0.55	1.11	0.66	5.08	5.61	2.18	
0.61	1.20	0.76	5.09	5.55	2.19	
0.67	1.28	0.86	5.08	5.49	2.19	
0.73	1.36	0.96	5.07	5.42	2.19	
0.78	1.44	1.07	5.04	5.34	2.20	
0.84	1.52	1.17	4.99	5.26	2.20	
0.88	1.60	1.27	4.94	5.18	2.21	
0.93	1.68	1.37	4.87	5.09	2.22	
0.98	1.75	1.47	4.79	5.00	2.24	
1.02	1.83	1.58	4.72	4.91	2.27	
1.06	1.91	1.68	4.64	4.83	2.30	
1.10	1.98	1.78	4.56	4.75	2.33	
1.13	2.05	1.89	4.49	4.68	2.37	
1.16	2.12	1.99	4.42	4.60	2.41	
1.19	2.18	2.09	4.35	4.53	2.45	
1.21	2.24	2.18	4.28	4.47	2.49	
1.23	2.30	2.28	4.21	4.40	2.54	
1.25	2.36	2.38	4.13	4.33	2.59	
1.27	2.41	2.47	4.05	4.25	2.63	
1.29	2.47	2.56	3.97	4.18	2.68	
1.31	2.52	2.64	3.89	4.11	2.73	
1.32	2.57	2.72	3.81	4.04	2.79	
1.33	2.61	2.80	3.73	3.98	2.84	
1.34	2.66	2.87	3.67	3.92	2.90	
1.35	2.69	2.94	3.61	3.87	2.97	
1.35	2.73	3.00	3.57	3.83	3.03	
1.34	2.76	3.06	3.54	3.80	3.10	
1.34	2.79	3.12	3.52	3.77	3.17	
1.33	2.81	3.17	3.50	3.75	3.23	
1.32	2.84	3.22	3.50	3.73	3.30	
1.31	2.86	3.26	3.49	3.71	3.36	
1.29	2.88	3.30	3.49	3.70	3.42	
1.28	2.89	3.34	3.48	3.68	3.48	
1.26	2.91	3.37	3.47	3.67	3.54	
1.25	2.92	3.40	3.46	3.66	3.59	
1.23	2.93	3.43	3.45	3.65	3.64	
1.22	2.94	3.45	3.44	3.65	3.69	
1.20	2.95	3.46	3.43	3.65	3.74	
1.18	2.96	3.47	3.43	3.65	3.79	
1.16	2.96	3.48	3.42	3.65	3.83	
1.14	2.96	3.49	3.42	3.65	3.86	
1.12	2.97	3.49	3.43	3.65	3.89	
1.10	2.97	3.50	3.42	3.65	3.92	
1.08	2.97	3.50	3.42	3.64	3.93	
1.06	2.98	3.49	3.41	3.63	3.94	
1.05	2.98	3.49	3.38	3.62	3.94	
1.04	2.99	3.48	3.35	3.60	3.93	
1.03	3.00	3.47	3.30	3.58	3.92	
1.03	3.01	3.46	3.25	3.55	3.90	
1.02	3.01	3.44	3.18	3.51	3.88	
1.02	3.02	3.42	3.11	3.47	3.85	
1.03	3.03	3.40	3.04	3.43	3.81	
1.03	3.04	3.38	2.97	3.38	3.77	
1.04	3.06	3.35	2.89	3.33	3.73	
1.05	3.07	3.33	2.82	3.28	3.68	
1.05	3.08	3.30	2.76	3.23	3.62	
1.06	3.09	3.26	2.69	3.18	3.56	
1.07	3.11	3.23	2.61	3.12	3.49	
1.09	3.12	3.19	2.53	3.06	3.41	
1.11	3.14	3.16	2.45	2.99	3.32	
1.14	3.17	3.13	2.35	2.91	3.23	
1.17	3.19	3.09	2.26	2.83	3.13	
1.21	3.22	3.06	2.16	2.74	3.02	
1.25	3.25	3.03	2.06	2.65	2.91	
1.30	3.29	2.99	1.96	2.56	2.79	
1.34	3.32	2.96	1.87	2.46	2.66	
1.39	3.36	2.92	1.78	2.37	2.53	
1.44	3.39	2.89	1.71	2.28	2.39	
1.50	3.43	2.86	1.65	2.19	2.25	
1.55	3.47	2.82	1.59	2.10	2.10	
1.61	3.51	2.79	1.54	2.01	1.95	
1.67	3.55	2.75	1.49	1.92	1.79	
1.73	3.59	2.71	1.44	1.82	1.62	
1.79	3.62	2.68	1.38	1.72	1.45	
1.86	3.67	2.64	1.32	1.62	1.28	
1.93	3.71	2.60	1.27	1.52	1.11	
2.01	3.75	2.57	1.21	1.42	0.94	
2.09	3.80	2.53	1.17	1.33	0.77	
2.17	3.84	2.49	1.13	1.25	0.61	
2.25	3.88	2.46	1.11	1.17	0.45	
2.32	3.92	2.42	1.10	1.11	0.29	
2.40	3.96	2.39	1.10	1.05	0.14	
2.48	4.00	2.36	1.11	1.00	0.00	
2.56	4.04	2.33	1.12	0.96	-0.14	
2.64	4.08	2.31	1.13	0.92	-0.27	
2.72	4.12	2.28	1.15	0.88	-0.41	
2.80	4.16	2.26	1.16	0.84	-0.53	
2.88	4.20	2.24	1.16	0.81	-0.66	
2.97	4.24	2.22	1.16	0.77	-0.77	
3.05	4.28	2.21	1.16	0.74	-0.88	
3.13	4.32	2.20	1.16	0.71	-0.98	
3.22	4.35	2.19	1.16	0.69	-1.08	
3.30	4.39	2.19	1.16	0.68	-1.16	
3.38	4.43	2.18	1.18	0.67	-1.23	
3.46	4.46	2.18	1.20	0.67	-1.30	
3.54	4.49	2.17	1.22	0.67	-1.36	
3.61	4.52	2.17	1.26	0.68	-1.40	
3.68	4.54	2.17	1.29	0.70	-1.44	
3.75	4.57	2.17	1.33	0.72	-1.48	
3.82	4.60	2.18	1.36	0.74	-1.51	
3.90	4.62	2.18	1.39	0.76	-1.53	
3.97	4.64	2.19	1.41	0.78	-1.55	
4.04	4.67	2.20	1.44	0.80	-1.56	
4.10	4.69	2.21	1.46	0.82	-1.57	
4.17	4.70	2.22	1.48	0.85	-1.57	
4.23	4.72	2.23	1.51	0.88	-1.55	
4.28	4.73	2.24	1.55	0.92	-1.53	
4.34	4.73	2.25	1.59	0.97	-1.49	
4.39	4.73	2.26	1.65	1.02	-1.45	
4.43	4.73	2.27	1.72	1.08	-1.39	
4.47	4.73	2.28	1.80	1.15	-1.33	
4.50	4.72	2.29	1.89	1.22	-1.26	
4.53	4.70	2.30	1.97	1.30	-1.18	
4.56	4.68	2.31	2.05	1.37	-1.09	
4.58	4.66	2.32	2.13	1.45	-1.00	
4.60	4.64	2.34	2.20	1.52	-0.91	
4.62	4.61	2.35	2.27	1.59	-0.81	
4.63	4.58	2.36	2.32	1.65	-0.71	
4.64	4.55	2.36	2.38	1.72	-0.61	
4.63	4.50	2.37	2.43	1.78	-0.50	
4.63	4.45	2.37	2.49	1.84	-0.39	
4.61	4.40	2.37	2.54	1.90	-0.28	
4.59	4.34	2.37	2.59	1.96	-0.17	
4.56	4.28	2.37	2.64	2.02	-0.06	
4.53	4.22	2.38	2.69	2.07	0.04	
4.50	4.15	2.38	2.73	2.12	0.15	
4.47	4.08	2.38	2.76	2.17	0.25	
4.43	4.02	2.38	2.78	2.21	0.36	
4.40	3.94	2.38	2.78	2.24	0.46	
4.36	3.87	2.38	2.77	2.27	0.56	
4.32	3.79	2.39	2.75	2.28	0.66	
4.27	3.72	2.38	2.71	2.29	0.76	
4.23	3.64	2.38	2.67	2.30	0.85	
4.19	3.56	2.38	2.63	2.31	0.95	
4.14	3.48	2.38	2.58	2.31	1.04	
4.10	3.40	2.37	2.54	2.31	1.13	
4.05	3.32	2.36	2.49	2.32	1.22	
4.01	3.24	2.36	2.45	2.32	1.30	
3.96	3.16	2.35	2.39	2.33	1.38	
3.92	3.07	2.34	2.34	2.32	1.46	
3.87	2.99	2.34	2.27	2.32	1.53	
3.84	2.91	2.33	2.20	2.31	1.59	
3.80	2.84	2.32	2.11	2.29	1.66	
3.76	2.76	2.31	2.03	2.28	1.72	
3.73	2.68	2.30	1.94	2.26	1.78	
3.70	2.61	2.29	1.85	2.25	1.84	
3.66	2.53	2.28	1.77	2.24	1.90	
3.63	2.46	2.26	1.69	2.24	1.96	
3.60	2.39	2.25	1.62	2.25	2.02	
3.57	2.32	2.24	1.57	2.25	2.08	
3.55	2.25	2.22	1.52	2.27	2.12	
3.52	2.19	2.21	1.47	2.28	2.17	
3.50	2.13	2.19	1.42	2.29	2.20	
3.48	2.07	2.17	1.37	2.29	2.22	
3.46	2.01	2.16	1.31	2.29	2.23	
3.44	1.96	2.14	1.25	2.28	2.23	
3.43	1.91	2.13	1.18	2.26	2.23	
3.42	1.87	2.12	1.10	2.24	2.22	
3.42	1.83	2.10	1.02	2.22	2.20	
3.41	1.80	2.09	0.94	2.19	2.17	
3.41	1.77	2.08	0.86	2.16	2.14	
3.41	1.74	2.07	0.79	2.13	2.10	
3.41	1.71	2.05	0.71	2.09	2.05	
3.40	1.68	2.04	0.65	2.05	2.00	
3.40	1.66	2.03	0.58	2.01	1.94	
3.40	1.64	2.01	0.51	1.97	1.87	
3.40	1.62	2.00	0.45	1.91	1.78	
3.40	1.61	1.98	0.38	1.86	1.69	
3.40	1.60	1.96	0.30	1.79	1.60	
3.40	1.59	1.95	0.22	1.72	1.49	
3.41	1.58	1.93	0.13	1.65	1.38	
3.41	1.58	1.91	0.05	1.57	1.27	
3.42	1.58	1.89	-0.04	1.49	1.15	
3.43	1.58	1.87	-0.12	1.41	1.03	
3.44	1.59	1.85	-0.19	1.33	0.91	
3.46	1.59	1.83	-0.26	1.25	0.80	
3.47	1.60	1.81	-0.31	1.18	0.68	
3.48	1.61	1.79	-0.35	1.10	0.56	
3.48	1.62	1.76	-0.38	1.03	0.43	
3.49	1.63	1.74	-0.41	0.95	0.31	
3.51	1.65	1.72	-0.44	0.87	0.17	
3.52	1.67	1.69	-0.47	0.78	0.04	
3.54	1.69	1.67	-0.51	0.69	-0.10	
3.56	1.72	1.64	-0.55	0.59	-0.24	
3.58	1.75	1.62	-0.59	0.49	-0.38	
3.61	1.78	1.59	-0.63	0.38	-0.53	
3.64	1.81	1.57	-0.67	0.27	-0.67	
3.66	1.85	1.54	-0.71	0.16	-0.81	
3.69	1.89	1.52	-0.73	0.05	-0.95	
3.72	1.93	1.50	-0.75	-0.06	-1.09	
3.75	1.97	1.47	-0.76	-0.17	-1.23	
3.78	2.01	1.45	-0.76	-0.28	-1.37	
3.82	2.06	1.43	-0.76	-0.38	-1.51	
3.85	2.11	1.41	-0.75	-0.50	-1.65	
3.88	2.16	1.40	-0.76	-0.61	-1.80	
3.91	2.22	1.38	-0.77	-0.74	-1.95	
3.95	2.27	1.37	-0.79	-0.87	-2.10	
3.99	2.33	1.36	-0.82	-1.01	-2.25	
4.03	2.39	1.35	-0.85	-1.16	-2.41	
4.07	2.46	1.35	-0.90	-1.31	-2.56	
4.12	2.52	1.35	-0.94	-1.46	-2.71	
4.16	2.59	1.35	-0.98	-1.62	-2.86	
4.20	2.66	1.35	-1.02	-1.77	-3.01	
4.24	2.73	1.36	-1.06	-1.92	-3.15	
4.28	2.79	1.37	-1.10	-2.07	-3.30	
4.32	2.86	1.38	-1.14	-2.22	-3.45	
4.36	2.93	1.39	-1.18	-2.38	-3.59	
4.40	3.00	1.41	-1.23	-2.53	-3.74	
4.44	3.07	1.43	-1.29	-2.69	-3.88	
4.48	3.14	1.45	-1.35	-2.86	-4.03	
4.52	3.21	1.48	-1.43	-3.03	-4.18	
4.56	3.28	1.51	-1.53	-3.21	-4.32	
4.60	3.36	1.54	-1.63	-3.40	-4.46	
4.64	3.43	1.57	-1.74	-3.58	-4.61	
4.68	3.50	1.60	-1.86	-3.77	-4.75	
4.72	3.57	1.64	-1.98	-3.95	-4.89	
4.76	3.64	1.67	-2.09	-4.13	-5.02	
4.79	3.71	1.71	-2.20	-4.31	-5.16	
4.82	3.77	1.74	-2.31	-4.48	-5.29	
4.84	3.83	1.78	-2.42	-4.66	-5.42	
4.87	3.89	1.81	-2.53	-4.83	-5.56	
4.89	3.94	1.85	-2.64	-5.00	-5.69	
4.91	4.00	1.88	-2.76	-5.18	-5.82	
4.93	4.05	1.91	-2.89	-5.36	-5.96	
4.95	4.11	1.95	-3.02	-5.53	-6.09	
4.98	4.16	1.98	-3.16	-5.71	-6.23	
5.00	4.21	2.02	-3.29	-5.89	-6.37	
5.02	4.26	2.05	-3.43	-6.07	-6.51	
5.04	4.31	2.08	-3.57	-6.25	-6.64	
5.06	4.36	2.12	-3.70	-6.42	-6.78	
5.08	4.41	2.15	-3.82	-6.58	-6.91	
5.09	4.45	2.19	-3.92	-6.74	-7.04	
5.10	4.49	2.22	-4.02	-6.89	-7.17	
5.12	4.53	2.26	-4.10	-7.03	-7.30	
5.13	4.57	2.30	-4.18	-7.17	-7.42	
5.14	4.61	2.33	-4.25	-7.30	-7.54	
5.15	4.64	2.37	-4.31	-7.42	-7.66	
5.16	4.68	2.41	-4.38	-7.55	-7.77	
5.18	4.71	2.45	-4.45	-7.66	-7.89	
5.20	4.75	2.49	-4.51	-7.78	-8.01	
5.21	4.78	2.52	-4.57	-7.89	-8.12	
5.23	4.81	2.56	-4.62	-7.99	-8.23	
5.24	4.84	2.60	-4.67	-8.09	-8.34	
5.26	4.87	2.63	-4.70	-8.18	-8.45	
5.27	4.90	2.67	-4.73	-8.27	-8.56	
5.28	4.92	2.71	-4.74	-8.35	-8.67	
5.30	4.95	2.74	-4.75	-8.42	-8.77	
5.31	4.97	2.78	-4.76	-8.49	-8.88	
5.32	5.00	2.82	-4.76	-8.56	-8.98	
5.33	5.02	2.85	-4.76	-8.62	-9.08	
5.34	5.03	2.88	-4.76	-8.68	-9.18	
5.35	5.05	2.91	-4.77	-8.74	-9.28	
5.36	5.06	2.94	-4.78	-8.79	-9.37	
5.37	5.07	2.96	-4.79	-8.85	-9.46	
5.38	5.08	2.98	-4.80	-8.90	-9.54	
5.39	5.08	3.00	-4.81	-8.94	-9.62	
5.39	5.09	3.01	-4.81	-8.98	-9.68	
5.40	5.09	3.02	-4.80	-9.01	-9.75	
5.41	5.09	3.03	-4.77	-9.02	-9.80	
5.42	5.09	3.03	-4.74	-9.03	-9.85	
5.42	5.08	3.04	-4.70	-9.04	-9.90	
5.42	5.07	3.04	-4.66	-9.03	-9.94	
5.42	5.06	3.04	-4.62	-9.03	-9.98	
5.42	5.05	3.03	-4.58	-9.02	-10.01	
5.43	5.04	3.02	-4.54	-9.01	-10.04	
5.43	5.02	3.01	-4.50	-8.99	-10.06	
5.43	5.00	2.99	-4.47	-8.98	-10.08	
5.43	4.98	2.97	-4.43	-8.95	-10.08	
5.43	4.95	2.95	-4.39	-8.92	-10.08	
5.43	4.92	2.92	-4.34	-8.89	-10.07	
5.42	4.89	2.89	-4.28	-8.84	-10.05	
5.41	4.86	2.86	-4.22	-8.79	-10.03	
5.41	4.82	2.82	-4.14	-8.72	-10.00	
5.40	4.78	2.78	-4.06	-8.65	-9.96	
5.39	4.74	2.74	-3.98	-8.58	-9.93	
5.38	4.70	2.69	-3.89	-8.50	-9.89	
5.38	4.66	2.65	-3.81	-8.42	-9.85	
5.37	4.61	2.60	-3.73	-8.34	-9.80	
5.36	4.57	2.55	-3.66	-8.25	-9.76	
5.36	4.52	2.50	-3.60	-8.17	-9.71	
5.36	4.48	2.45	-3.53	-8.09	-9.65	
5.35	4.43	2.40	-3.47	-8.00	-9.60	
5.35	4.38	2.34	-3.41	-7.91	-9.54	
5.35	4.33	2.28	-3.34	-7.82	-9.47	
5.34	4.27	2.22	-3.27	-7.72	-9.41	
5.33	4.22	2.16	-3.19	-7.62	-9.34	
5.32	4.15	2.10	-3.12	-7.51	-9.27	
5.30	4.09	2.03	-3.03	-7.41	-9.20	
5.29	4.02	1.97	-2.96	-7.31	-9.13	
5.27	3.96	1.90	-2.88	-7.21	-9.07	
5.26	3.89	1.83	-2.81	-7.11	-9.00	
5.24	3.82	1.76	-2.76	-7.02	-8.94	
5.23	3.75	1.69	-2.71	-6.94	-8.89	
5.21	3.69	1.63	-2.67	-6.86	-8.83	
5.20	3.62	1.56	-2.64	-6.79	-8.77	
5.18	3.55	1.50	-2.61	-6.71	-8.71	
5.17	3.48	1.43	-2.59	-6.64	-8.66	
5.16	3.42	1.37	-2.56	-6.57	-8.59	
5.14	3.35	1.31	-2.54	-6.50	-8.53	
5.12	3.28	1.25	-2.51	-6.42	-8.47	
5.10	3.20	1.19	-2.47	-6.35	-8.41	
5.08	3.13	1.13	-2.44	-6.28	-8.35	
5.05	3.06	1.06	-2.41	-6.21	-8.29	
5.03	2.98	1.00	-2.38	-6.14	-8.23	
5.00	2.91	0.95	-2.36	-6.08	-8.17	
4.98	2.84	0.89	-2.35	-6.02	-8.11	
4.95	2.77	0.83	-2.34	-5.96	-8.05	
4.93	2.70	0.77	-2.33	-5.90	-7.99	
4.90	2.63	0.71	-2.33	-5.85	-7.93	
4.88	2.56	0.65	-2.33	-5.80	-7.87	
4.85	2.49	0.60	-2.33	-5.75	-7.80	
4.82	2.42	0.54	-2.33	-5.70	-7.74	
4.79	2.35	0.49	-2.32	-5.65	-7.68	
4.76	2.28	0.43	-2.31	-5.60	-7.62	
4.73	2.22	0.38	-2.29	-5.54	-7.56	
4.70	2.15	0.32	-2.27	-5.49	-7.51	
4.66	2.08	0.27	-2.25	-5.44	-7.46	
4.62	2.01	0.21	-2.23	-5.40	-7.41	
4.58	1.94	0.15	-2.22	-5.36	-7.37	
4.53	1.88	0.10	-2.21	-5.33	-7.34	
4.49	1.81	0.05	-2.22	-5.30	-7.32	
4.45	1.74	-0.01	-2.23	-5.29	-7.29	
4.40	1.68	-0.06	-2.25	-5.28	-7.28	
4.36	1.62	-0.11	-2.27	-5.28	-7.27	
4.31	1.56	-0.15	-2.29	-5.28	-7.26	
4.26	1.50	-0.20	-2.31	-5.28	-7.26	
4.21	1.44	-0.24	-2.32	-5.29	-7.27	
4.16	1.38	-0.28	-2.33	-5.29	-7.28	
4.10	1.32	-0.31	-2.33	-5.30	-7.29	
4.05	1.27	-0.34	-2.34	-5.32	-7.31	
4.00	1.22	-0.37	-2.35	-5.33	-7.33	
3.95	1.18	-0.40	-2.36	-5.36	-7.36	
3.90	1.13	-0.42	-2.37	-5.38	-7.39	
3.85	1.09	-0.44	-2.39	-5.42	-7.42	
3.80	1.06	-0.46	-2.42	-5.47	-7.45	
3.76	1.02	-0.48	-2.45	-5.52	-7.49	
3.72	0.99	-0.49	-2.48	-5.57	-7.53	
3.68	0.97	-0.50	-2.51	-5.63	-7.57	
3.65	0.95	-0.50	-2.53	-5.68	-7.62	
3.62	0.93	-0.51	-2.55	-5.74	-7.66	
3.59	0.92	-0.51	-2.56	-5.80	-7.71	
3.56	0.91	-0.51	-2.56	-5.85	-7.76	
3.53	0.90	-0.51	-2.55	-5.91	-7.82	
3.51	0.89	-0.51	-2.54	-5.97	-7.87	
3.49	0.89	-0.51	-2.54	-6.03	-7.93	
3.47	0.89	-0.50	-2.53	-6.09	-8.00	
3.45	0.89	-0.50	-2.52	-6.16	-8.06	
3.45	0.89	-0.50	-2.52	-6.22	-8.11	
3.44	0.90	-0.49	-2.51	-6.28	-8.17	
3.44	0.91	-0.49	-2.49	-6.34	-8.21	
3.43	0.92	-0.49	-2.46	-6.39	-8.26	
3.43	0.93	-0.48	-2.43	-6.43	-8.29	
3.43	0.95	-0.48	-2.38	-6.47	-8.32	
3.44	0.96	-0.47	-2.32	-6.49	-8.35	
3.44	0.98	-0.46	-2.25	-6.51	-8.38	
3.45	1.00	-0.46	-2.16	-6.53	-8.40	
3.46	1.02	-0.45	-2.07	-6.54	-8.43	
3.47	1.04	-0.44	-1.98	-6.54	-8.45	
3.48	1.06	-0.43	-1.88	-6.55	-8.48	
3.49	1.08	-0.42	-1.79	-6.56	-8.51	
3.51	1.11	-0.41	-1.70	-6.57	-8.54	
3.53	1.13	-0.40	-1.61	-6.57	-8.57	
3.56	1.16	-0.39	-1.52	-6.57	-8.59	
3.58	1.19	-0.38	-1.43	-6.57	-8.61	
3.61	1.21	-0.38	-1.33	-6.56	-8.63	
3.63	1.24	-0.38	-1.22	-6.54	-8.63	
3.65	1.26	-0.38	-1.11	-6.51	-8.63	
3.67	1.28	-0.38	-0.99	-6.48	-8.63	
3.69	1.30	-0.38	-0.86	-6.43	-8.62	
3.70	1.32	-0.39	-0.72	-6.38	-8.60	
3.72	1.34	-0.39	-0.58	-6.33	-8.58	
3.74	1.36	-0.40	-0.45	-6.27	-8.55	
3.76	1.38	-0.41	-0.31	-6.21	-8.52	
3.78	1.40	-0.41	-0.18	-6.14	-8.49	
3.79	1.42	-0.42	-0.07	-6.08	-8.46	
3.81	1.44	-0.43	0.05	-6.01	-8.42	
3.83	1.46	-0.44	0.15	-5.95	-8.37	
3.85	1.48	-0.44	0.25	-5.88	-8.32	
3.87	1.50	-0.45	0.35	-5.82	-8.27	
3.89	1.52	-0.46	0.44	-5.75	-8.21	
3.90	1.55	-0.47	0.54	-5.67	-8.15	
3.92	1.57	-0.48	0.64	-5.60	-8.09	
3.93	1.59	-0.49	0.74	-5.52	-8.03	
3.95	1.61	-0.49	0.84	-5.44	-7.96	
3.96	1.64	-0.50	0.93	-5.37	-7.90	
3.97	1.66	-0.50	1.01	-5.30	-7.84	
3.98	1.69	-0.51	1.08	-5.23	-7.79	
4.00	1.72	-0.51	1.14	-5.16	-7.73	
4.01	1.74	-0.52	1.19	-5.10	-7.67	
4.03	1.78	-0.52	1.23	-5.05	-7.61	
4.04	1.81	-0.52	1.26	-4.99	-7.55	
4.06	1.84	-0.53	1.30	-4.93	-7.49	
4.07	1.87	-0.53	1.33	-4.88	-7.43	
4.08	1.90	-0.54	1.37	-4.82	-7.36	
4.09	1.93	-0.55	1.41	-4.76	-7.29	
4.10	1.96	-0.56	1.45	-4.70	-7.22	
4.11	1.98	-0.57	1.49	-4.63	-7.15	
4.11	2.01	-0.59	1.54	-4.57	-7.08	
4.12	2.03	-0.60	1.58	-4.51	-7.02	
4.12	2.05	-0.62	1.62	-4.45	-6.95	
4.11	2.08	-0.63	1.64	-4.40	-6.90	
4.11	2.10	-0.65	1.66	-4.36	-6.84	
4.11	2.12	-0.67	1.67	-4.31	-6.78	
4.11	2.14	-0.68	1.67	-4.28	-6.73	
4.10	2.16	-0.70	1.67	-4.24	-6.67	
4.10	2.18	-0.71	1.67	-4.21	-6.61	
4.09	2.19	-0.73	1.68	-4.17	-6.55	
4.08	2.21	-0.75	1.69	-4.13	-6.49	
4.06	2.22	-0.77	1.70	-4.09	-6.43	
4.04	2.23	-0.78	1.72	-4.05	-6.37	
4.01	2.24	-0.80	1.73	-4.01	-6.32	
3.99	2.25	-0.82	1.75	-3.98	-6.27	
3.96	2.25	-0.84	1.77	-3.95	-6.22	
3.93	2.25	-0.86	1.77	-3.93	-6.18	
3.90	2.25	-0.88	1.77	-3.91	-6.15	
3.87	2.25	-0.90	1.77	-3.91	-6.13	
3.83	2.25	-0.92	1.75	-3.90	-6.10	
3.79	2.24	-0.93	1.74	-3.91	-6.09	
3.75	2.23	-0.95	1.72	-3.91	-6.07	
3.71	2.22	-0.97	1.71	-3.92	-6.06	
3.66	2.20	-0.99	1.70	-3.92	-6.05	
3.61	2.18	-1.01	1.70	-3.93	-6.04	
3.55	2.15	-1.03	1.70	-3.93	-6.04	
3.49	2.12	-1.06	1.71	-3.94	-6.05	
3.42	2.09	-1.08	1.73	-3.95	-6.05	
3.36	2.05	-1.10	1.75	-3.96	-6.06	
3.29	2.01	-1.12	1.77	-3.97	-6.07	
3.22	1.97	-1.14	1.79	-3.98	-6.09	
3.15	1.93	-1.16	1.80	-4.00	-6.11	
3.08	1.88	-1.17	1.81	-4.02	-6.13	
3.01	1.84	-1.18	1.82	-4.05	-6.15	
2.94	1.80	-1.19	1.84	-4.07	-6.18	
2.87	1.75	-1.20	1.85	-4.09	-6.20	
2.80	1.70	-1.21	1.87	-4.11	-6.23	
2.72	1.65	-1.22	1.90	-4.13	-6.25	
2.65	1.60	-1.22	1.93	-4.16	-6.29	
2.57	1.55	-1.22	1.97	-4.18	-6.32	
2.49	1.49	-1.22	2.02	-4.20	-6.36	
2.41	1.44	-1.22	2.07	-4.22	-6.41	
2.33	1.38	-1.21	2.13	-4.25	-6.46	
2.24	1.33	-1.20	2.18	-4.28	-6.52	
2.16	1.27	-1.19	2.23	-4.31	-6.58	
2.07	1.22	-1.18	2.27	-4.35	-6.65	
1.99	1.16	-1.16	2.31	-4.38	-6.72	
1.91	1.11	-1.14	2.35	-4.43	-6.79	
1.83	1.06	-1.12	2.38	-4.47	-6.86	
1.75	1.01	-1.09	2.42	-4.51	-6.94	
1.68	0.95	-1.06	2.47	-4.56	-7.02	
1.59	0.90	-1.03	2.52	-4.60	-7.10	
1.51	0.85	-0.99	2.57	-4.65	-7.18	
1.43	0.81	-0.96	2.63	-4.69	-7.26	
1.35	0.76	-0.91	2.70	-4.74	-7.35	
1.28	0.72	-0.87	2.76	-4.78	-7.43	
1.20	0.68	-0.82	2.82	-4.82	-7.52	
1.13	0.64	-0.77	2.88	-4.87	-7.60	
1.06	0.61	-0.71	2.93	-4.92	-7.69	
0.99	0.57	-0.66	2.97	-4.98	-7.78	
0.91	0.54	-0.60	3.00	-5.04	-7.87	
0.85	0.51	-0.55	3.03	-5.10	-7.95	
0.78	0.48	-0.49	3.05	-5.16	-8.03	
0.72	0.45	-0.43	3.08	-5.22	-8.11	
0.66	0.43	-0.37	3.11	-5.28	-8.18	
0.60	0.40	-0.31	3.15	-5.33	-8.24	
0.54	0.39	-0.25	3.19	-5.37	-8.30	
0.49	0.37	-0.18	3.25	-5.40	-8.35	
0.44	0.35	-0.12	3.30	-5.43	-8.40	
0.38	0.34	-0.05	3.36	-5.46	-8.44	
0.34	0.33	0.01	3.41	-5.49	-8.47	
0.29	0.33	0.08	3.46	-5.51	-8.50	
0.26	0.32	0.15	3.50	-5.53	-8.52	
0.22	0.32	0.22	3.54	-5.56	-8.54	
0.19	0.33	0.28	3.57	-5.58	-8.55	
0.17	0.33	0.35	3.60	-5.60	-8.56	
0.14	0.34	0.42	3.62	-5.62	-8.56	
0.13	0.36	0.50	3.65	-5.63	-8.56	
0.11	0.37	0.57	3.68	-5.63	-8.55	
0.10	0.39	0.64	3.71	-5.63	-8.53	
0.09	0.42	0.71	3.76	-5.63	-8.51	
0.09	0.44	0.77	3.80	-5.61	-8.48	
0.09	0.47	0.84	3.85	-5.60	-8.45	
0.09	0.49	0.91	3.89	-5.58	-8.42	
0.09	0.52	0.97	3.93	-5.56	-8.39	
0.10	0.56	1.04	3.96	-5.55	-8.35	
0.11	0.59	1.10	3.97	-5.54	-8.31	
0.13	0.63	1.16	3.98	-5.53	-8.27	
0.15	0.67	1.22	3.99	-5.52	-8.23	
0.18	0.72	1.28	3.98	-5.52	-8.19	
0.20	0.76	1.33	3.98	-5.51	-8.14	
0.23	0.81	1.39	3.97	-5.51	-8.09	
0.26	0.85	1.44	3.97	-5.50	-8.04	
0.29	0.89	1.48	3.97	-5.49	-7.99	
0.31	0.93	1.52	3.97	-5.48	-7.93	
0.34	0.97	1.56	3.96	-5.48	-7.87	
0.36	1.01	1.60	3.95	-5.47	-7.81	
0.39	1.05	1.62	3.93	-5.47	-7.75	
0.42	1.08	1.65	3.91	-5.48	-7.69	
0.44	1.12	1.67	3.87	-5.48	-7.63	
0.47	1.15	1.69	3.83	-5.49	-7.57	
0.49	1.18	1.70	3.78	-5.51	-7.50	
0.52	1.22	1.72	3.72	-5.52	-7.44	
0.55	1.25	1.73	3.65	-5.54	-7.37	
0.58	1.28	1.74	3.59	-5.55	-7.30	
0.61	1.31	1.75	3.53	-5.57	-7.23	
0.64	1.34	1.75	3.48	-5.58	-7.16	
0.66	1.36	1.75	3.43	-5.59	-7.08	
0.68	1.38	1.75	3.39	-5.59	-7.00	
0.71	1.40	1.75	3.35	-5.59	-6.92	
0.73	1.42	1.74	3.31	-5.59	-6.83	
0.75	1.44	1.73	3.28	-5.58	-6.75	
0.77	1.46	1.73	3.24	-5.58	-6.66	
0.79	1.48	1.71	3.19	-5.57	-6.57	
0.82	1.50	1.70	3.14	-5.56	-6.49	
0.84	1.51	1.69	3.09	-5.56	-6.40	
0.87	1.53	1.68	3.04	-5.55	-6.32	
0.89	1.54	1.66	2.98	-5.54	-6.23	
0.91	1.55	1.64	2.93	-5.53	-6.15	
0.93	1.56	1.62	2.88	-5.52	-6.06	
0.95	1.57	1.60	2.85	-5.50	-5.98	
0.97	1.58	1.58	2.82	-5.48	-5.90	
0.98	1.59	1.56	2.79	-5.45	-5.81	
1.00	1.59	1.53	2.78	-5.42	-5.74	
1.01	1.60	1.51	2.76	-5.38	-5.66	
1.03	1.60	1.49	2.75	-5.35	-5.58	
1.04	1.61	1.47	2.73	-5.31	-5.51	
1.05	1.61	1.45	2.71	-5.27	-5.44	
1.06	1.61	1.42	2.69	-5.23	-5.37	
1.07	1.61	1.40	2.67	-5.20	-5.31	
1.08	1.61	1.38	2.65	-5.16	-5.24	
1.08	1.61	1.36	2.63	-5.12	-5.17	
1.09	1.60	1.33	2.63	-5.08	-5.11	
1.09	1.59	1.31	2.63	-5.03	-5.05	
1.08	1.59	1.28	2.64	-4.97	-4.98	
1.08	1.58	1.26	2.66	-4.92	-4.92	
1.07	1.56	1.24	2.68	-4.86	-4.86	
1.06	1.55	1.22	2.71	-4.80	-4.81	
1.05	1.54	1.19	2.74	-4.73	-4.75	
1.04	1.52	1.17	2.77	-4.67	-4.70	
1.03	1.50	1.15	2.80	-4.61	-4.65	
1.02	1.49	1.12	2.83	-4.55	-4.61	
1.00	1.47	1.10	2.85	-4.50	-4.56	
0.99	1.45	1.08	2.87	-4.44	-4.51	
0.98	1.43	1.05	2.90	-4.38	-4.46	
0.97	1.41	1.03	2.94	-4.31	-4.42	
0.95	1.39	1.00	2.98	-4.24	-4.37	
0.94	1.37	0.98	3.03	-4.17	-4.32	
0.93	1.35	0.96	3.09	-4.09	-4.28	
0.91	1.33	0.94	3.16	-4.01	-4.24	
0.90	1.30	0.92	3.23	-3.94	-4.21	
0.88	1.28	0.90	3.31	-3.86	-4.18	
0.86	1.25	0.88	3.38	-3.79	-4.15	
0.85	1.23	0.86	3.45	-3.72	-4.12	
0.84	1.21	0.85	3.52	-3.65	-4.09	
0.83	1.19	0.84	3.58	-3.59	-4.06	
0.82	1.16	0.82	3.65	-3.52	-4.03	
0.81	1.14	0.81	3.72	-3.45	-3.99	
0.80	1.11	0.79	3.80	-3.38	-3.94	
0.78	1.09	0.78	3.88	-3.31	-3.90	
0.76	1.06	0.76	3.97	-3.23	-3.85	
0.75	1.03	0.74	4.07	-3.15	-3.80	
0.73	1.00	0.72	4.17	-3.07	-3.75	
0.70	0.96	0.70	4.28	-2.99	-3.70	
0.68	0.93	0.68	4.39	-2.91	-3.65	
0.65	0.89	0.66	4.50	-2.84	-3.61	
0.63	0.86	0.64	4.60	-2.77	-3.56	
0.60	0.83	0.62	4.70	-2.70	-3.52	
0.58	0.80	0.60	4.79	-2.64	-3.48	
0.56	0.76	0.58	4.87	-2.58	-3.44	
0.54	0.73	0.56	4.95	-2.53	-3.39	
0.52	0.70	0.54	5.02	-2.47	-3.35	
0.50	0.67	0.52	5.09	-2.42	-3.30	
0.47	0.63	0.50	5.16	-2.37	-3.26	
0.44	0.59	0.47	5.23	-2.32	-3.21	
0.41	0.55	0.45	5.30	-2.28	-3.17	
0.38	0.51	0.42	5.37	-2.24	-3.13	
0.35	0.47	0.40	5.43	-2.20	-3.09	
0.32	0.43	0.37	5.49	-2.16	-3.05	
0.29	0.39	0.35	5.54	-2.13	-3.01	
0.26	0.35	0.32	5.58	-2.09	-2.97	
0.23	0.32	0.30	5.61	-2.07	-2.94	
0.21	0.28	0.27	5.62	-2.05	-2.90	
0.18	0.25	0.24	5.63	-2.03	-2.86	
0.15	0.21	0.22	5.62	-2.02	-2.82	
0.13	0.18	0.19	5.60	-2.01	-2.77	
0.10	0.15	0.16	5.59	-2.00	-2.73	
0.08	0.12	0.13	5.57	-2.00	-2.69	
0.06	0.09	0.10	5.54	-1.99	-2.65	
0.03	0.06	0.08	5.52	-1.99	-2.61	
0.01	0.03	0.05	5.50	-1.99	-2.57	
-0.01	0.00	0.03	5.48	-1.98	-2.53	
-0.03	-0.02	0.00	5.45	-1.98	-2.49	
-0.05	-0.04	-0.02	5.41	-1.98	-2.46	
-0.06	-0.06	-0.03	5.37	-1.99	-2.43	
-0.07	-0.07	-0.05	5.31	-2.01	-2.39	
-0.08	-0.08	-0.06	5.24	-2.03	-2.36	
-0.08	-0.09	-0.07	5.16	-2.05	-2.33	
-0.08	-0.10	-0.07	5.07	-2.08	-2.31	
-0.07	-0.10	-0.08	4.99	-2.10	-2.28	
-0.07	-0.10	-0.08	4.90	-2.13	-2.26	
-0.06	-0.11	-0.08	4.81	-2.16	-2.23	
-0.05	-0.11	-0.08	4.72	-2.18	-2.21	
-0.04	-0.11	-0.07	4.64	-2.20	-2.20	
-0.03	-0.10	-0.07	4.56	-2.22	-2.18	
-0.02	-0.10	-0.06	4.48	-2.24	-2.17	
-0.01	-0.10	-0.06	4.39	-2.25	-2.16	
-0.00	-0.10	-0.05	4.30	-2.27	-2.16	
0.01	-0.10	-0.04	4.20	-2.29	-2.15	
0.02	-0.10	-0.02	4.10	-2.31	-2.15	
0.04	-0.09	-0.01	3.99	-2.33	-2.15	
0.06	-0.09	0.01	3.88	-2.35	-2.15	
0.08	-0.08	0.03	3.78	-2.36	-2.14	
0.10	-0.07	0.06	3.67	-2.37	-2.14	
0.12	-0.06	0.08	3.57	-2.37	-2.14	
0.14	-0.05	0.11	3.49	-2.36	-2.13	
0.16	-0.04	0.14	3.41	-2.35	-2.13	
0.18	-0.03	0.17	3.34	-2.32	-2.12	
0.20	-0.02	0.20	3.27	-2.29	-2.11	
0.22	-0.01	0.23	3.21	-2.26	-2.10	
0.24	0.01	0.27	3.15	-2.22	-2.10	
0.26	0.02	0.30	3.10	-2.18	-2.09	
0.29	0.04	0.34	3.04	-2.14	-2.08	
0.31	0.06	0.38	2.98	-2.10	-2.08	
0.34	0.07	0.41	2.93	-2.05	-2.07	
0.37	0.10	0.45	2.87	-2.00	-2.05	
0.40	0.12	0.49	2.83	-1.94	-2.04	
0.44	0.14	0.52	2.80	-1.87	-2.02	
0.47	0.17	0.56	2.78	-1.79	-1.99	
0.51	0.19	0.60	2.78	-1.70	-1.96	
0.54	0.22	0.63	2.80	-1.60	-1.92	
0.57	0.24	0.67	2.83	-1.49	-1.88	
0.60	0.27	0.71	2.87	-1.37	-1.83	
0.64	0.29	0.75	2.93	-1.25	-1.78	
0.67	0.32	0.79	2.99	-1.11	-1.73	
0.71	0.35	0.82	3.06	-0.98	-1.67	
0.74	0.38	0.86	3.13	-0.84	-1.61	
0.78	0.41	0.90	3.20	-0.69	-1.54	
0.82	0.44	0.93	3.28	-0.55	-1.48	
0.86	0.47	0.97	3.37	-0.39	-1.41	
0.90	0.50	1.00	3.46	-0.24	-1.33	
0.94	0.53	1.03	3.57	-0.07	-1.25	
0.98	0.56	1.07	3.69	0.10	-1.16	
1.02	0.59	1.10	3.82	0.27	-1.07	
1.05	0.61	1.12	3.96	0.45	-0.98	
1.09	0.64	1.15	4.12	0.64	-0.89	
1.12	0.66	1.18	4.28	0.82	-0.80	
1.15	0.68	1.20	4.44	1.01	-0.71	
1.18	0.70	1.23	4.60	1.20	-0.62	
1.21	0.72	1.25	4.76	1.38	-0.54	
1.23	0.73	1.26	4.90	1.55	-0.45	
1.26	0.75	1.28	5.04	1.72	-0.37	
1.28	0.76	1.29	5.18	1.88	-0.30	
1.30	0.76	1.30	5.31	2.04	-0.22	
1.32	0.77	1.31	5.44	2.19	-0.14	
1.33	0.77	1.31	5.57	2.34	-0.07	
1.34	0.77	1.32	5.71	2.49	0.01	
1.35	0.77	1.32	5.84	2.64	0.08	
1.35	0.77	1.32	5.97	2.78	0.15	
1.35	0.76	1.32	6.10	2.92	0.22	
1.35	0.76	1.32	6.23	3.05	0.28	
1.35	0.75	1.31	6.34	3.17	0.33	
1.34	0.74	1.31	6.45	3.28	0.38	
1.34	0.73	1.31	6.54	3.39	0.43	
1.34	0.73	1.31	6.62	3.48	0.47	
1.33	0.72	1.31	6.68	3.56	0.51	
1.33	0.71	1.31	6.74	3.62	0.55	
1.33	0.71	1.31	6.78	3.68	0.58	
1.33	0.70	1.31	6.82	3.74	0.62	
1.32	0.70	1.32	6.85	3.79	0.65	
1.32	0.69	1.32	6.89	3.83	0.69	
1.31	0.68	1.32	6.93	3.87	0.72	
1.30	0.68	1.33	6.96	3.91	0.75	
1.29	0.67	1.33	6.99	3.94	0.78	
1.27	0.66	1.33	7.01	3.96	0.80	
1.26	0.65	1.33	7.02	3.97	0.82	
1.24	0.64	1.34	7.02	3.97	0.83	
1.23	0.63	1.34	7.00	3.96	0.84	
1.22	0.63	1.35	6.97	3.94	0.85	
1.22	0.62	1.35	6.94	3.91	0.86	
1.21	0.62	1.36	6.90	3.88	0.87	
1.20	0.61	1.37	6.85	3.84	0.87	
1.18	0.61	1.37	6.81	3.80	0.88	
1.17	0.60	1.38	6.77	3.76	0.89	
1.15	0.59	1.39	6.73	3.72	0.89	
1.14	0.58	1.39	6.69	3.68	0.90	
1.12	0.57	1.40	6.67	3.64	0.90	
1.09	0.56	1.41	6.64	3.60	0.91	
1.07	0.55	1.42	6.61	3.56	0.91	
1.05	0.54	1.43	6.57	3.51	0.92	
1.02	0.53	1.44	6.54	3.47	0.92	
1.00	0.52	1.45	6.50	3.42	0.92	
0.98	0.51	1.47	6.45	3.36	0.93	
0.96	0.50	1.48	6.41	3.31	0.93	
0.94	0.50	1.50	6.36	3.26	0.94	
0.92	0.49	1.51	6.31	3.21	0.94	
0.89	0.48	1.52	6.27	3.15	0.94	
0.87	0.47	1.53	6.24	3.10	0.93	
0.84	0.46	1.55	6.20	3.05	0.93	
0.81	0.45	1.56	6.17	2.99	0.92	
0.77	0.44	1.57	6.15	2.94	0.90	
0.74	0.42	1.58	6.12	2.88	0.88	
0.71	0.41	1.59	6.10	2.83	0.86	
0.67	0.40	1.60	6.07	2.77	0.84	
0.64	0.39	1.61	6.04	2.72	0.81	
0.60	0.38	1.61	6.00	2.66	0.79	
0.57	0.37	1.62	5.97	2.61	0.76	
0.53	0.35	1.63	5.93	2.56	0.74	
0.50	0.35	1.64	5.89	2.51	0.71	
0.46	0.34	1.65	5.86	2.47	0.68	
0.43	0.33	1.66	5.84	2.43	0.65	
0.40	0.33	1.67	5.83	2.40	0.63	
0.36	0.32	1.68	5.83	2.37	0.60	
0.33	0.32	1.69	5.83	2.35	0.57	
0.29	0.31	1.70	5.84	2.34	0.54	
0.26	0.31	1.71	5.85	2.33	0.50	
0.22	0.30	1.72	5.87	2.33	0.47	
0.19	0.30	1.73	5.88	2.32	0.44	
0.16	0.30	1.74	5.88	2.32	0.41	
0.13	0.29	1.74	5.89	2.32	0.38	
0.10	0.29	1.74	5.89	2.33	0.36	
0.07	0.29	1.74	5.89	2.34	0.34	
0.04	0.29	1.73	5.90	2.35	0.32	
0.01	0.28	1.73	5.92	2.37	0.31	
-0.03	0.27	1.72	5.94	2.39	0.30	
-0.06	0.27	1.71	5.96	2.43	0.29	
-0.09	0.26	1.70	6.00	2.47	0.29	
-0.13	0.25	1.68	6.04	2.51	0.29	
-0.16	0.24	1.67	6.08	2.56	0.30	
-0.20	0.23	1.65	6.12	2.61	0.30	
-0.24	0.23	1.63	6.16	2.67	0.31	
-0.27	0.22	1.61	6.18	2.72	0.33	
-0.30	0.21	1.60	6.20	2.77	0.35	
-0.32	0.20	1.58	6.22	2.83	0.38	
-0.35	0.20	1.55	6.23	2.89	0.42	
-0.37	0.19	1.53	6.24	2.95	0.47	
-0.39	0.18	1.51	6.25	3.01	0.52	
-0.42	0.18	1.48	6.26	3.08	0.59	
-0.44	0.17	1.45	6.27	3.16	0.66	
-0.46	0.15	1.41	6.29	3.23	0.73	
-0.49	0.14	1.38	6.29	3.30	0.80	
-0.51	0.13	1.34	6.30	3.38	0.88	
-0.54	0.11	1.30	6.29	3.45	0.96	
-0.56	0.10	1.26	6.28	3.51	1.04	
-0.58	0.08	1.22	6.26	3.58	1.13	
-0.60	0.06	1.18	6.22	3.64	1.22	
-0.62	0.04	1.13	6.18	3.69	1.32	
-0.64	0.02	1.09	6.12	3.75	1.42	
-0.66	0.00	1.04	6.06	3.81	1.54	
-0.68	-0.02	0.99	6.00	3.87	1.66	
-0.70	-0.04	0.94	5.94	3.94	1.79	
-0.72	-0.07	0.89	5.88	4.01	1.93	
-0.74	-0.10	0.84	5.83	4.09	2.08	
-0.76	-0.13	0.79	5.79	4.17	2.23	
-0.78	-0.16	0.74	5.74	4.25	2.39	
-0.81	-0.20	0.69	5.70	4.34	2.55	
-0.83	-0.23	0.65	5.65	4.42	2.71	
-0.85	-0.27	0.60	5.60	4.50	2.88	
-0.87	-0.30	0.55	5.53	4.58	3.05	
-0.88	-0.34	0.51	5.46	4.65	3.22	
-0.89	-0.37	0.47	5.39	4.72	3.39	
-0.91	-0.41	0.42	5.31	4.79	3.57	
-0.92	-0.45	0.38	5.23	4.86	3.76	
-0.93	-0.48	0.33	5.15	4.93	3.94	
-0.94	-0.53	0.29	5.08	5.00	4.13	
-0.96	-0.57	0.24	5.00	5.07	4.32	
-0.97	-0.61	0.20	4.94	5.14	4.51	
-0.98	-0.66	0.15	4.87	5.20	4.70	
-0.99	-0.71	0.10	4.81	5.26	4.88	
-1.01	-0.75	0.06	4.74	5.31	5.05	
-1.02	-0.80	0.01	4.68	5.36	5.23	
-1.03	-0.85	-0.03	4.60	5.40	5.39	
-1.03	-0.90	-0.07	4.52	5.43	5.55	
-1.04	-0.95	-0.12	4.43	5.46	5.70	
-1.04	-1.00	-0.16	4.33	5.48	5.86	
-1.04	-1.04	-0.20	4.23	5.49	6.01	
-1.03	-1.09	-0.23	4.13	5.50	6.15	
-1.03	-1.13	-0.27	4.02	5.51	6.30	
-1.02	-1.18	-0.31	3.92	5.51	6.44	
-1.02	-1.22	-0.35	3.82	5.51	6.58	
-1.01	-1.27	-0.38	3.73	5.51	6.72	
-1.01	-1.31	-0.42	3.63	5.51	6.85	
-1.01	-1.36	-0.45	3.54	5.50	6.98	
-1.00	-1.40	-0.49	3.45	5.50	7.11	
-1.00	-1.44	-0.52	3.36	5.49	7.24	
-0.99	-1.48	-0.55	3.26	5.48	7.36	
-0.99	-1.52	-0.58	3.17	5.47	7.48	
-0.98	-1.56	-0.61	3.06	5.45	7.60	
-0.98	-1.60	-0.64	2.95	5.43	7.71	
-0.97	-1.64	-0.67	2.84	5.40	7.82	
-0.96	-1.68	-0.69	2.74	5.37	7.93	
-0.96	-1.71	-0.72	2.63	5.34	8.04	
-0.95	-1.75	-0.75	2.53	5.32	8.14	
-0.94	-1.78	-0.77	2.44	5.29	8.25	
-0.94	-1.82	-0.79	2.36	5.27	8.34	
-0.94	-1.85	-0.82	2.29	5.25	8.44	
-0.94	-1.89	-0.84	2.22	5.23	8.52	
-0.94	-1.92	-0.86	2.14	5.20	8.61	
-0.93	-1.95	-0.88	2.07	5.17	8.68	
-0.93	-1.98	-0.89	1.99	5.14	8.75	
-0.92	-2.00	-0.91	1.91	5.10	8.81	
-0.91	-2.03	-0.92	1.83	5.06	8.87	
-0.91	-2.05	-0.94	1.75	5.02	8.92	
-0.90	-2.07	-0.95	1.67	4.97	8.96	
-0.89	-2.09	-0.96	1.59	4.93	9.01	
-0.88	-2.10	-0.97	1.52	4.88	9.04	
-0.87	-2.11	-0.97	1.47	4.84	9.07	
-0.86	-2.12	-0.97	1.42	4.79	9.10	
-0.85	-2.13	-0.97	1.38	4.75	9.11	
-0.83	-2.13	-0.97	1.35	4.72	9.13	
-0.82	-2.13	-0.96	1.33	4.68	9.13	
-0.81	-2.13	-0.95	1.32	4.64	9.13	
-0.79	-2.12	-0.94	1.30	4.60	9.13	
-0.77	-2.11	-0.93	1.29	4.56	9.12	
-0.75	-2.09	-0.91	1.27	4.51	9.10	
-0.72	-2.08	-0.89	1.26	4.46	9.09	
-0.70	-2.05	-0.87	1.24	4.41	9.07	
-0.66	-2.03	-0.85	1.23	4.36	9.04	
-0.63	-2.00	-0.82	1.23	4.31	9.01	
-0.60	-1.97	-0.80	1.24	4.26	8.98	
-0.57	-1.94	-0.78	1.27	4.22	8.94	
-0.53	-1.90	-0.75	1.30	4.18	8.89	
-0.50	-1.86	-0.73	1.34	4.14	8.84	
-0.46	-1.82	-0.70	1.38	4.10	8.79	
-0.42	-1.78	-0.67	1.42	4.05	8.73	
-0.38	-1.73	-0.64	1.47	4.00	8.66	
-0.33	-1.68	-0.61	1.51	3.95	8.58	
-0.28	-1.63	-0.58	1.55	3.90	8.50	
-0.24	-1.58	-0.55	1.59	3.84	8.42	
-0.19	-1.52	-0.52	1.63	3.78	8.34	
-0.13	-1.47	-0.49	1.66	3.73	8.25	
-0.08	-1.41	-0.47	1.71	3.67	8.16	
-0.03	-1.35	-0.44	1.76	3.62	8.08	
0.03	-1.29	-0.42	1.81	3.57	7.99	
0.08	-1.23	-0.40	1.88	3.51	7.90	
0.14	-1.17	-0.37	1.94	3.47	7.81	
0.19	-1.11	-0.35	2.02	3.42	7.71	
0.24	-1.05	-0.33	2.09	3.37	7.60	
0.30	-0.98	-0.31	2.17	3.31	7.49	
0.35	-0.92	-0.29	2.24	3.26	7.37	
0.40	-0.85	-0.28	2.30	3.21	7.25	
0.46	-0.79	-0.26	2.36	3.15	7.13	
0.51	-0.73	-0.25	2.42	3.10	7.00	
0.56	-0.67	-0.24	2.47	3.04	6.87	
0.61	-0.61	-0.23	2.53	2.99	6.75	
0.65	-0.56	-0.23	2.59	2.94	6.62	
0.69	-0.50	-0.23	2.65	2.89	6.49	
0.73	-0.46	-0.24	2.71	2.84	6.36	
0.76	-0.41	-0.25	2.78	2.80	6.22	
0.79	-0.37	-0.26	2.86	2.76	6.09	
0.81	-0.33	-0.27	2.93	2.73	5.95	
0.84	-0.29	-0.29	3.01	2.69	5.81	
0.85	-0.26	-0.30	3.07	2.66	5.66	
0.87	-0.23	-0.32	3.14	2.62	5.52	
0.88	-0.20	-0.34	3.19	2.58	5.38	
0.89	-0.18	-0.37	3.23	2.54	5.23	
0.90	-0.15	-0.39	3.26	2.49	5.09	
0.91	-0.13	-0.41	3.29	2.44	4.96	
0.92	-0.11	-0.44	3.31	2.40	4.82	
0.92	-0.10	-0.47	3.33	2.35	4.69	
0.92	-0.09	-0.49	3.36	2.31	4.56	
0.92	-0.07	-0.52	3.39	2.28	4.44	
0.92	-0.07	-0.55	3.42	2.25	4.31	
0.91	-0.06	-0.57	3.45	2.21	4.19	
0.90	-0.05	-0.60	3.47	2.19	4.06	
0.89	-0.05	-0.63	3.49	2.16	3.94	
0.88	-0.05	-0.65	3.50	2.13	3.82	
0.87	-0.05	-0.68	3.51	2.10	3.70	
0.86	-0.05	-0.71	3.50	2.06	3.58	
0.84	-0.06	-0.73	3.48	2.03	3.47	
0.83	-0.07	-0.76	3.45	2.00	3.36	
0.81	-0.08	-0.80	3.42	1.97	3.26	
0.78	-0.10	-0.83	3.39	1.94	3.17	
0.76	-0.12	-0.86	3.36	1.92	3.08	
0.73	-0.14	-0.90	3.33	1.91	3.00	
0.70	-0.17	-0.93	3.30	1.90	2.93	
0.67	-0.20	-0.97	3.28	1.90	2.86	
0.63	-0.23	-1.01	3.26	1.90	2.79	
0.59	-0.27	-1.04	3.25	1.90	2.73	
0.55	-0.31	-1.08	3.22	1.91	2.68	
0.51	-0.35	-1.12	3.19	1.91	2.63	
0.47	-0.39	-1.16	3.16	1.92	2.58	
0.43	-0.43	-1.19	3.12	1.93	2.54	
0.39	-0.47	-1.23	3.07	1.93	2.51	
0.35	-0.51	-1.26	3.03	1.94	2.49	
0.32	-0.54	-1.29	2.98	1.96	2.47	
0.28	-0.58	-1.32	2.94	1.97	2.47	
0.25	-0.62	-1.34	2.90	2.00	2.47	
0.21	-0.65	-1.36	2.86	2.03	2.47	
0.18	-0.68	-1.38	2.84	2.06	2.48	
0.14	-0.72	-1.40	2.81	2.09	2.50	
0.11	-0.75	-1.42	2.80	2.13	2.51	
0.08	-0.78	-1.43	2.78	2.16	2.52	
0.05	-0.81	-1.44	2.75	2.19	2.53	
0.02	-0.83	-1.44	2.72	2.21	2.54	
-0.01	-0.85	-1.45	2.68	2.23	2.55	
-0.03	-0.87	-1.45	2.63	2.24	2.56	
-0.05	-0.89	-1.45	2.58	2.24	2.56	
-0.07	-0.90	-1.44	2.52	2.24	2.57	
-0.08	-0.91	-1.43	2.46	2.24	2.58	
-0.09	-0.91	-1.43	2.40	2.23	2.58	
-0.10	-0.92	-1.42	2.34	2.23	2.59	
-0.12	-0.92	-1.40	2.29	2.22	2.59	
-0.13	-0.92	-1.39	2.24	2.20	2.59	
-0.13	-0.91	-1.37	2.19	2.19	2.60	
-0.14	-0.90	-1.34	2.15	2.17	2.60	
-0.14	-0.89	-1.32	2.11	2.15	2.60	
-0.15	-0.88	-1.30	2.06	2.12	2.60	
-0.15	-0.87	-1.27	2.01	2.10	2.60	
-0.15	-0.85	-1.25	1.96	2.06	2.60	
-0.15	-0.83	-1.22	1.90	2.03	2.59	
-0.15	-0.82	-1.20	1.83	1.99	2.59	
-0.15	-0.80	-1.17	1.76	1.94	2.59	
-0.15	-0.78	-1.14	1.69	1.90	2.59	
-0.15	-0.76	-1.12	1.62	1.85	2.59	
-0.15	-0.74	-1.09	1.56	1.81	2.60	
-0.15	-0.72	-1.06	1.51	1.76	2.60	
-0.15	-0.70	-1.03	1.46	1.72	2.61	
-0.16	-0.68	-1.00	1.42	1.69	2.61	
-0.16	-0.66	-0.97	1.39	1.65	2.62	
-0.17	-0.64	-0.93	1.35	1.62	2.63	
-0.17	-0.62	-0.90	1.31	1.59	2.65	
-0.17	-0.59	-0.87	1.27	1.55	2.66	
-0.17	-0.57	-0.83	1.22	1.52	2.67	
-0.16	-0.55	-0.80	1.17	1.48	2.69	
-0.16	-0.52	-0.76	1.12	1.45	2.70	
-0.16	-0.50	-0.73	1.06	1.41	2.72	
-0.16	-0.48	-0.70	1.02	1.38	2.73	
-0.17	-0.46	-0.67	0.97	1.34	2.75	
-0.17	-0.44	-0.64	0.93	1.32	2.77	
-0.18	-0.42	-0.61	0.90	1.29	2.79	
-0.19	-0.40	-0.58	0.88	1.27	2.80	
-0.20	-0.39	-0.56	0.86	1.25	2.81	
-0.21	-0.38	-0.53	0.83	1.23	2.83	
-0.23	-0.37	-0.51	0.81	1.20	2.84	
-0.24	-0.36	-0.49	0.79	1.18	2.85	
-0.26	-0.35	-0.47	0.76	1.15	2.86	
-0.27	-0.34	-0.45	0.73	1.13	2.87	
-0.29	-0.33	-0.43	0.69	1.10	2.90	
-0.30	-0.32	-0.41	0.66	1.08	2.92	
-0.32	-0.32	-0.39	0.64	1.06	2.95	
-0.34	-0.31	-0.38	0.62	1.05	2.99	
-0.36	-0.31	-0.37	0.61	1.04	3.03	
-0.39	-0.31	-0.36	0.61	1.05	3.08	
-0.42	-0.31	-0.36	0.62	1.06	3.13	
-0.45	-0.32	-0.36	0.64	1.07	3.18	
-0.48	-0.33	-0.35	0.66	1.09	3.23	
-0.52	-0.34	-0.35	0.68	1.11	3.28	
-0.56	-0.36	-0.36	0.70	1.13	3.34	
-0.60	-0.37	-0.36	0.72	1.15	3.40	
-0.63	-0.39	-0.36	0.73	1.18	3.47	
-0.67	-0.41	-0.37	0.74	1.20	3.54	
-0.71	-0.42	-0.37	0.75	1.23	3.61	
-0.75	-0.44	-0.38	0.76	1.26	3.69	
-0.79	-0.46	-0.39	0.78	1.30	3.78	
-0.83	-0.49	-0.40	0.80	1.35	3.88	
-0.87	-0.51	-0.41	0.83	1.41	3.98	
-0.91	-0.54	-0.43	0.88	1.47	4.09	
-0.95	-0.56	-0.44	0.93	1.54	4.20	
-0.99	-0.59	-0.45	0.98	1.62	4.32	
-1.03	-0.62	-0.46	1.04	1.70	4.44	
-1.07	-0.65	-0.47	1.10	1.78	4.56	
-1.11	-0.68	-0.48	1.16	1.87	4.69	
-1.14	-0.71	-0.48	1.22	1.95	4.82	
-1.17	-0.74	-0.49	1.27	2.04	4.95	
-1.20	-0.76	-0.50	1.32	2.13	5.09	
-1.23	-0.79	-0.50	1.38	2.23	5.24	
-1.26	-0.82	-0.51	1.44	2.33	5.39	
-1.29	-0.85	-0.52	1.51	2.44	5.54	
-1.31	-0.89	-0.52	1.58	2.55	5.70	
-1.34	-0.92	-0.53	1.67	2.67	5.86	
-1.36	-0.95	-0.53	1.76	2.80	6.02	
-1.39	-0.99	-0.54	1.86	2.92	6.19	
-1.41	-1.02	-0.54	1.96	3.05	6.35	
-1.43	-1.06	-0.55	2.07	3.18	6.52	
-1.45	-1.09	-0.55	2.17	3.31	6.68	
-1.47	-1.13	-0.56	2.26	3.43	6.84	
-1.49	-1.17	-0.56	2.35	3.55	6.99	
-1.51	-1.21	-0.57	2.42	3.66	7.15	
-1.52	-1.25	-0.58	2.49	3.77	7.30	
-1.54	-1.29	-0.59	2.55	3.87	7.44	
-1.55	-1.33	-0.60	2.61	3.96	7.58	
-1.56	-1.38	-0.61	2.66	4.05	7.72	
-1.58	-1.42	-0.62	2.72	4.14	7.85	
-1.60	-1.47	-0.63	2.78	4.22	7.98	
-1.61	-1.52	-0.64	2.83	4.31	8.10	
-1.63	-1.56	-0.65	2.89	4.38	8.21	
-1.65	-1.61	-0.65	2.94	4.45	8.32	
-1.66	-1.65	-0.66	2.98	4.52	8.42	
-1.68	-1.70	-0.66	3.01	4.57	8.51	
-1.69	-1.74	-0.67	3.03	4.62	8.59	
-1.71	-1.79	-0.67	3.04	4.66	8.67	
-1.72	-1.83	-0.67	3.03	4.68	8.74	
-1.73	-1.88	-0.67	3.02	4.70	8.80	
-1.75	-1.92	-0.67	3.00	4.71	8.87	
-1.76	-1.96	-0.67	2.97	4.72	8.93	
-1.77	-2.00	-0.66	2.94	4.72	8.98	
-1.77	-2.04	-0.66	2.91	4.71	9.04	
-1.79	-2.08	-0.66	2.89	4.71	9.09	
-1.80	-2.12	-0.65	2.86	4.70	9.13	
-1.81	-2.16	-0.65	2.84	4.68	9.17	
-1.82	-2.20	-0.65	2.81	4.66	9.20	
-1.84	-2.24	-0.64	2.77	4.63	9.22	
-1.85	-2.28	-0.63	2.72	4.59	9.23	
-1.85	-2.31	-0.62	2.66	4.53	9.24	
-1.85	-2.34	-0.61	2.59	4.47	9.23	
-1.85	-2.37	-0.59	2.51	4.40	9.22	
-1.85	-2.39	-0.58	2.43	4.32	9.21	
-1.85	-2.42	-0.57	2.34	4.24	9.19	
-1.84	-2.43	-0.55	2.26	4.15	9.16	
-1.83	-2.45	-0.53	2.17	4.06	9.13	
-1.82	-2.46	-0.52	2.09	3.97	9.08	
-1.81	-2.47	-0.50	2.01	3.87	9.03	
-1.79	-2.48	-0.49	1.94	3.77	8.98	
-1.78	-2.49	-0.47	1.86	3.67	8.91	
-1.76	-2.49	-0.45	1.77	3.55	8.83	
-1.74	-2.49	-0.43	1.68	3.43	8.74	
-1.71	-2.49	-0.42	1.57	3.29	8.64	
-1.69	-2.48	-0.40	1.46	3.15	8.53	
-1.66	-2.47	-0.38	1.33	3.00	8.42	
-1.62	-2.46	-0.37	1.20	2.84	8.30	
-1.59	-2.45	-0.35	1.07	2.68	8.18	
-1.54	-2.43	-0.34	0.94	2.52	8.05	
-1.50	-2.41	-0.33	0.81	2.35	7.92	
-1.46	-2.38	-0.31	0.68	2.19	7.79	
-1.41	-2.35	-0.30	0.56	2.03	7.65	
-1.37	-2.32	-0.29	0.45	1.87	7.51	
-1.32	-2.29	-0.28	0.34	1.71	7.36	
-1.27	-2.26	-0.26	0.23	1.55	7.21	
-1.21	-2.22	-0.25	0.12	1.38	7.05	
-1.16	-2.17	-0.24	0.00	1.21	6.88	
-1.10	-2.13	-0.23	-0.11	1.04	6.72	
-1.04	-2.08	-0.22	-0.23	0.87	6.55	
-0.97	-2.03	-0.21	-0.36	0.69	6.38	
-0.91	-1.97	-0.20	-0.49	0.52	6.21	
-0.85	-1.91	-0.19	-0.61	0.36	6.05	
-0.78	-1.85	-0.18	-0.73	0.20	5.89	
-0.71	-1.79	-0.17	-0.83	0.05	5.73	
-0.65	-1.73	-0.17	-0.93	-0.10	5.58	
-0.59	-1.67	-0.16	-1.01	-0.23	5.43	
-0.53	-1.61	-0.16	-1.08	-0.36	5.29	
-0.47	-1.55	-0.16	-1.15	-0.48	5.14	
-0.41	-1.49	-0.15	-1.20	-0.60	5.00	
-0.35	-1.43	-0.15	-1.25	-0.71	4.86	
-0.29	-1.37	-0.15	-1.30	-0.81	4.72	
-0.23	-1.30	-0.16	-1.35	-0.91	4.58	
-0.17	-1.24	-0.16	-1.39	-1.00	4.45	
-0.11	-1.18	-0.17	-1.43	-1.08	4.32	
-0.06	-1.12	-0.18	-1.46	-1.16	4.20	
-0.00	-1.06	-0.19	-1.49	-1.22	4.08	
0.05	-1.01	-0.20	-1.50	-1.28	3.97	
0.10	-0.95	-0.22	-1.51	-1.33	3.87	
0.15	-0.90	-0.23	-1.50	-1.36	3.77	
0.19	-0.85	-0.25	-1.47	-1.38	3.68	
0.24	-0.80	-0.26	-1.43	-1.39	3.60	
0.28	-0.75	-0.28	-1.37	-1.39	3.53	
0.32	-0.70	-0.30	-1.30	-1.37	3.45	
0.35	-0.66	-0.32	-1.23	-1.35	3.39	
0.39	-0.61	-0.34	-1.16	-1.32	3.32	
0.42	-0.57	-0.36	-1.09	-1.29	3.26	
0.45	-0.53	-0.39	-1.02	-1.26	3.19	
0.48	-0.49	-0.41	-0.96	-1.23	3.13	
0.52	-0.46	-0.44	-0.89	-1.20	3.08	
0.54	-0.42	-0.47	-0.82	-1.16	3.03	
0.57	-0.39	-0.50	-0.74	-1.11	2.98	
0.59	-0.36	-0.54	-0.65	-1.06	2.93	
0.61	-0.33	-0.57	-0.55	-1.00	2.89	
0.63	-0.31	-0.61	-0.44	-0.94	2.85	
0.64	-0.28	-0.65	-0.33	-0.87	2.82	
0.65	-0.26	-0.69	-0.22	-0.80	2.78	
0.66	-0.25	-0.73	-0.11	-0.72	2.75	
0.67	-0.23	-0.78	0.00	-0.65	2.73	
0.68	-0.22	-0.83	0.11	-0.57	2.70	
0.69	-0.21	-0.87	0.21	-0.50	2.68	
0.69	-0.20	-0.92	0.30	-0.43	2.66	
0.70	-0.20	-0.97	0.39	-0.36	2.65	
0.70	-0.20	-1.03	0.47	-0.28	2.64	
0.70	-0.20	-1.08	0.56	-0.21	2.64	
0.69	-0.21	-1.14	0.65	-0.13	2.64	
0.69	-0.22	-1.20	0.75	-0.04	2.65	
0.68	-0.23	-1.26	0.85	0.05	2.65	
0.66	-0.25	-1.32	0.96	0.14	2.67	
0.64	-0.27	-1.39	1.06	0.22	2.68	
0.62	-0.30	-1.45	1.16	0.31	2.69	
0.60	-0.32	-1.51	1.25	0.39	2.70	
0.58	-0.35	-1.58	1.33	0.46	2.70	
0.56	-0.38	-1.64	1.40	0.52	2.71	
0.54	-0.41	-1.70	1.46	0.59	2.72	
0.52	-0.44	-1.76	1.51	0.65	2.73	
0.50	-0.47	-1.82	1.56	0.70	2.74	
0.48	-0.50	-1.88	1.61	0.76	2.75	
0.46	-0.53	-1.93	1.65	0.82	2.77	
0.44	-0.57	-1.99	1.70	0.88	2.78	
0.42	-0.60	-2.04	1.74	0.93	2.80	
0.40	-0.63	-2.09	1.79	0.98	2.81	
0.38	-0.67	-2.14	1.84	1.03	2.82	
0.36	-0.71	-2.19	1.88	1.07	2.82	
0.33	-0.74	-2.24	1.92	1.11	2.82	
0.31	-0.78	-2.28	1.95	1.13	2.81	
0.29	-0.81	-2.32	1.97	1.15	2.80	
0.27	-0.85	-2.35	1.98	1.16	2.78	
0.25	-0.88	-2.38	1.98	1.17	2.76	
0.23	-0.91	-2.41	1.97	1.17	2.74	
0.22	-0.94	-2.43	1.95	1.16	2.72	
0.20	-0.97	-2.45	1.93	1.16	2.70	
0.19	-1.00	-2.46	1.92	1.15	2.69	
0.17	-1.03	-2.48	1.90	1.14	2.67	
0.15	-1.05	-2.48	1.88	1.13	2.64	
0.13	-1.08	-2.48	1.87	1.11	2.62	
0.11	-1.10	-2.48	1.85	1.10	2.59	
0.09	-1.12	-2.47	1.84	1.08	2.56	
0.08	-1.14	-2.46	1.81	1.06	2.53	
0.06	-1.16	-2.44	1.78	1.03	2.49	
0.05	-1.17	-2.41	1.75	1.00	2.46	
0.03	-1.18	-2.39	1.71	0.97	2.42	
0.02	-1.19	-2.35	1.65	0.94	2.38	
0.00	-1.19	-2.31	1.60	0.90	2.35	
-0.01	-1.19	-2.27	1.54	0.86	2.32	
-0.02	-1.19	-2.22	1.49	0.83	2.30	
-0.02	-1.18	-2.16	1.44	0.80	2.28	
-0.03	-1.17	-2.10	1.39	0.78	2.26	
-0.04	-1.16	-2.04	1.36	0.76	2.25	
-0.05	-1.14	-1.97	1.33	0.74	2.24	
-0.06	-1.12	-1.89	1.31	0.73	2.22	
-0.07	-1.10	-1.82	1.29	0.72	2.21	
-0.08	-1.08	-1.73	1.27	0.71	2.20	
-0.08	-1.05	-1.64	1.24	0.70	2.18	
-0.09	-1.02	-1.55	1.21	0.68	2.17	
-0.09	-0.98	-1.46	1.18	0.67	2.16	
-0.10	-0.94	-1.36	1.15	0.66	2.15	
-0.10	-0.91	-1.26	1.12	0.65	2.14	
-0.11	-0.87	-1.16	1.11	0.65	2.14	
-0.12	-0.83	-1.06	1.10	0.65	2.15	
-0.12	-0.78	-0.96	1.10	0.67	2.16	
-0.13	-0.74	-0.85	1.12	0.69	2.18	
-0.15	-0.70	-0.75	1.15	0.72	2.20	
-0.16	-0.65	-0.64	1.19	0.76	2.23	
-0.18	-0.61	-0.54	1.24	0.81	2.26	
-0.20	-0.57	-0.44	1.30	0.86	2.30	
-0.23	-0.53	-0.34	1.35	0.91	2.33	
-0.25	-0.50	-0.24	1.40	0.95	2.36	
-0.28	-0.46	-0.15	1.45	1.00	2.40	
-0.31	-0.43	-0.06	1.49	1.04	2.44	
-0.34	-0.39	0.03	1.54	1.09	2.49	
-0.37	-0.36	0.12	1.58	1.13	2.54	
-0.41	-0.33	0.20	1.63	1.19	2.59	
-0.44	-0.31	0.28	1.68	1.24	2.65	
-0.48	-0.28	0.36	1.75	1.31	2.71	
-0.53	-0.26	0.43	1.82	1.38	2.78	
-0.58	-0.24	0.50	1.90	1.45	2.85	
-0.62	-0.23	0.57	1.98	1.53	2.92	
-0.68	-0.21	0.64	2.06	1.60	2.99	
-0.73	-0.20	0.71	2.14	1.68	3.07	
-0.78	-0.19	0.77	2.21	1.75	3.14	
-0.83	-0.18	0.83	2.28	1.81	3.21	
-0.89	-0.17	0.89	2.34	1.87	3.27	
-0.94	-0.17	0.95	2.39	1.93	3.34	
-1.00	-0.17	1.00	2.44	1.98	3.41	
-1.05	-0.17	1.05	2.48	2.04	3.48	
-1.10	-0.17	1.09	2.52	2.09	3.55	
-1.16	-0.17	1.13	2.57	2.15	3.63	
-1.22	-0.18	1.17	2.62	2.21	3.70	
-1.27	-0.19	1.20	2.67	2.26	3.78	
-1.33	-0.21	1.23	2.72	2.32	3.87	
-1.40	-0.23	1.26	2.78	2.38	3.95	
-1.46	-0.25	1.28	2.83	2.43	4.03	
-1.52	-0.28	1.29	2.88	2.48	4.11	
-1.58	-0.31	1.30	2.93	2.53	4.20	
-1.64	-0.34	1.30	2.97	2.58	4.28	
-1.70	-0.37	1.30	3.00	2.62	4.36	
-1.77	-0.41	1.29	3.02	2.66	4.44	
-1.83	-0.46	1.28	3.05	2.69	4.52	
-1.89	-0.50	1.25	3.07	2.72	4.59	
-1.95	-0.55	1.23	3.10	2.76	4.66	
-2.02	-0.61	1.20	3.12	2.79	4.74	
-2.09	-0.67	1.16	3.15	2.82	4.80	
-2.15	-0.73	1.12	3.19	2.85	4.87	
-2.22	-0.79	1.07	3.22	2.87	4.93	
-2.29	-0.86	1.02	3.26	2.90	4.98	
-2.35	-0.92	0.97	3.29	2.92	5.03	
-2.42	-0.99	0.91	3.31	2.93	5.07	
-2.49	-1.07	0.85	3.33	2.94	5.10	
-2.55	-1.14	0.79	3.33	2.95	5.13	
-2.62	-1.21	0.72	3.33	2.95	5.15	
-2.68	-1.29	0.65	3.32	2.94	5.16	
-2.73	-1.36	0.58	3.30	2.93	5.16	
-2.79	-1.44	0.51	3.28	2.91	5.16	
-2.85	-1.52	0.44	3.27	2.89	5.16	
-2.91	-1.60	0.36	3.25	2.88	5.15	
-2.97	-1.67	0.28	3.25	2.86	5.13	
-3.03	-1.75	0.20	3.25	2.85	5.12	
-3.08	-1.83	0.12	3.25	2.85	5.10	
-3.14	-1.91	0.04	3.25	2.84	5.07	
-3.20	-1.99	-0.04	3.26	2.84	5.04	
-3.25	-2.06	-0.13	3.26	2.83	5.01	
-3.30	-2.14	-0.21	3.25	2.82	4.97	
-3.35	-2.21	-0.30	3.24	2.81	4.93	
-3.40	-2.29	-0.38	3.23	2.80	4.88	
-3.44	-2.36	-0.47	3.20	2.78	4.83	
-3.49	-2.43	-0.55	3.18	2.76	4.78	
-3.53	-2.50	-0.64	3.16	2.75	4.73	
-3.57	-2.57	-0.73	3.14	2.73	4.67	
-3.62	-2.64	-0.81	3.13	2.72	4.61	
-3.66	-2.71	-0.90	3.12	2.71	4.55	
-3.70	-2.78	-0.99	3.12	2.70	4.48	
-3.74	-2.85	-1.08	3.12	2.70	4.41	
-3.79	-2.92	-1.17	3.12	2.69	4.33	
-3.83	-2.99	-1.26	3.12	2.67	4.24	
-3.86	-3.05	-1.34	3.10	2.65	4.15	
-3.90	-3.11	-1.43	3.09	2.63	4.06	
-3.92	-3.17	-1.51	3.07	2.60	3.97	
-3.95	-3.23	-1.59	3.04	2.57	3.88	
-3.98	-3.29	-1.67	3.02	2.55	3.78	
-4.00	-3.34	-1.75	3.00	2.52	3.69	
-4.02	-3.39	-1.83	2.98	2.50	3.60	
-4.04	-3.44	-1.90	2.97	2.48	3.52	
-4.05	-3.49	-1.98	2.97	2.46	3.44	
-4.06	-3.54	-2.05	2.97	2.45	3.36	
-4.07	-3.58	-2.12	2.98	2.44	3.28	
-4.08	-3.63	-2.19	2.99	2.42	3.20	
-4.09	-3.67	-2.26	2.99	2.41	3.12	
-4.10	-3.71	-2.32	2.99	2.39	3.04	
-4.10	-3.75	-2.39	2.99	2.36	2.96	
-4.10	-3.78	-2.45	2.97	2.33	2.88	
-4.10	-3.82	-2.51	2.95	2.30	2.80	
-4.09	-3.85	-2.57	2.92	2.26	2.72	
-4.08	-3.88	-2.63	2.88	2.23	2.65	
-4.08	-3.91	-2.69	2.85	2.19	2.58	
-4.07	-3.94	-2.75	2.81	2.15	2.52	
-4.06	-3.97	-2.81	2.77	2.12	2.46	
-4.05	-4.01	-2.86	2.74	2.09	2.41	
-4.04	-4.04	-2.91	2.70	2.05	2.35	
-4.04	-4.07	-2.97	2.66	2.01	2.30	
-4.03	-4.10	-3.02	2.62	1.98	2.25	
-4.02	-4.13	-3.06	2.57	1.94	2.21	
-4.01	-4.16	-3.11	2.51	1.90	2.17	
-4.00	-4.19	-3.15	2.45	1.87	2.13	
-3.99	-4.22	-3.19	2.38	1.83	2.10	
-3.97	-4.25	-3.22	2.30	1.79	2.07	
-3.96	-4.27	-3.26	2.21	1.74	2.04	
-3.94	-4.29	-3.29	2.11	1.70	2.02	
-3.92	-4.31	-3.31	2.01	1.65	2.00	
-3.90	-4.33	-3.34	1.91	1.60	1.97	
-3.89	-4.35	-3.36	1.81	1.56	1.95	
-3.87	-4.37	-3.37	1.71	1.51	1.93	
-3.85	-4.39	-3.39	1.62	1.46	1.90	
-3.84	-4.41	-3.40	1.52	1.41	1.88	
-3.82	-4.42	-3.40	1.42	1.36	1.85	
-3.81	-4.43	-3.40	1.32	1.31	1.82	
-3.79	-4.44	-3.40	1.21	1.26	1.80	
-3.78	-4.45	-3.40	1.09	1.20	1.77	
-3.76	-4.46	-3.39	0.97	1.14	1.74	
-3.75	-4.47	-3.39	0.84	1.07	1.71	
-3.73	-4.48	-3.38	0.72	1.01	1.68	
-3.73	-4.49	-3.38	0.59	0.94	1.66	
-3.72	-4.50	-3.37	0.47	0.87	1.63	
-3.71	-4.52	-3.36	0.35	0.80	1.60	
-3.71	-4.53	-3.34	0.23	0.74	1.57	
-3.71	-4.54	-3.33	0.13	0.67	1.54	
-3.71	-4.55	-3.31	0.04	0.61	1.50	
-3.71	-4.56	-3.29	-0.05	0.55	1.47	
-3.71	-4.56	-3.27	-0.14	0.49	1.43	
-3.71	-4.57	-3.25	-0.22	0.43	1.38	
-3.71	-4.58	-3.23	-0.32	0.36	1.33	
-3.71	-4.59	-3.20	-0.41	0.28	1.27	
-3.72	-4.59	-3.18	-0.52	0.20	1.20	
-3.72	-4.60	-3.16	-0.62	0.11	1.13	
-3.72	-4.61	-3.14	-0.73	0.03	1.06	
-3.72	-4.61	-3.11	-0.83	-0.06	0.99	
-3.73	-4.62	-3.09	-0.92	-0.15	0.92	
-3.73	-4.62	-3.07	-1.00	-0.23	0.85	
-3.74	-4.63	-3.04	-1.07	-0.30	0.79	
-3.74	-4.63	-3.02	-1.13	-0.37	0.72	
-3.75	-4.64	-3.00	-1.18	-0.43	0.66	
-3.76	-4.64	-2.97	-1.23	-0.49	0.60	
-3.76	-4.64	-2.95	-1.27	-0.55	0.53	
-3.77	-4.64	-2.92	-1.31	-0.61	0.47	
-3.78	-4.64	-2.90	-1.36	-0.67	0.41	
-3.78	-4.64	-2.88	-1.40	-0.73	0.34	
-3.79	-4.64	-2.86	-1.44	-0.80	0.28	
-3.79	-4.64	-2.84	-1.48	-0.85	0.21	
-3.79	-4.63	-2.81	-1.52	-0.91	0.15	
-3.79	-4.62	-2.79	-1.55	-0.96	0.09	
-3.79	-4.61	-2.77	-1.56	-1.00	0.04	
-3.78	-4.60	-2.74	-1.56	-1.03	-0.01	
-3.78	-4.58	-2.72	-1.55	-1.05	-0.06	
-3.78	-4.57	-2.69	-1.52	-1.07	-0.11	
-3.78	-4.55	-2.67	-1.49	-1.08	-0.16	
-3.78	-4.54	-2.64	-1.45	-1.09	-0.20	
-3.78	-4.52	-2.62	-1.40	-1.09	-0.24	
-3.78	-4.50	-2.60	-1.36	-1.09	-0.28	
-3.78	-4.48	-2.58	-1.32	-1.10	-0.32	
-3.78	-4.46	-2.56	-1.29	-1.09	-0.35	
-3.78	-4.44	-2.54	-1.25	-1.09	-0.38	
-3.78	-4.43	-2.53	-1.20	-1.07	-0.40	
-3.78	-4.41	-2.51	-1.15	-1.05	-0.42	
-3.78	-4.39	-2.50	-1.09	-1.03	-0.43	
-3.78	-4.37	-2.49	-1.03	-0.99	-0.43	
-3.79	-4.35	-2.49	-0.95	-0.95	-0.43	
-3.79	-4.33	-2.48	-0.86	-0.90	-0.42	
-3.80	-4.31	-2.47	-0.77	-0.85	-0.41	
-3.80	-4.29	-2.46	-0.67	-0.78	-0.39	
-3.81	-4.27	-2.45	-0.57	-0.72	-0.37	
-3.82	-4.25	-2.45	-0.47	-0.65	-0.35	
-3.83	-4.23	-2.44	-0.37	-0.58	-0.33	
-3.84	-4.21	-2.43	-0.27	-0.50	-0.30	
-3.85	-4.19	-2.42	-0.18	-0.42	-0.26	
-3.85	-4.17	-2.41	-0.09	-0.34	-0.22	
-3.86	-4.15	-2.41	0.00	-0.26	-0.18	
-3.88	-4.13	-2.40	0.10	-0.17	-0.13	
-3.89	-4.11	-2.39	0.20	-0.07	-0.07	
-3.91	-4.09	-2.38	0.31	0.03	-0.01	
-3.93	-4.07	-2.38	0.43	0.13	0.06	
-3.95	-4.06	-2.37	0.55	0.24	0.13	
-3.98	-4.04	-2.36	0.67	0.35	0.21	
-4.00	-4.03	-2.36	0.80	0.47	0.29	
-4.03	-4.01	-2.35	0.92	0.59	0.38	
-4.06	-4.00	-2.35	1.04	0.71	0.46	
-4.10	-3.99	-2.34	1.16	0.83	0.55	
-4.13	-3.97	-2.33	1.27	0.94	0.64	
-4.16	-3.96	-2.32	1.36	1.05	0.73	
-4.20	-3.95	-2.31	1.46	1.16	0.83	
-4.23	-3.93	-2.30	1.55	1.26	0.93	
-4.27	-3.92	-2.29	1.64	1.37	1.03	
-4.30	-3.91	-2.28	1.73	1.47	1.14	
-4.34	-3.89	-2.26	1.83	1.59	1.26	
-4.38	-3.88	-2.25	1.94	1.70	1.37	
-4.43	-3.87	-2.23	2.05	1.82	1.49	
-4.47	-3.86	-2.22	2.17	1.93	1.61	
-4.52	-3.85	-2.20	2.28	2.05	1.73	
-4.56	-3.84	-2.17	2.38	2.16	1.85	
-4.61	-3.83	-2.15	2.48	2.26	1.97	
-4.65	-3.81	-2.12	2.56	2.35	2.09	
-4.69	-3.80	-2.10	2.64	2.44	2.20	
-4.72	-3.78	-2.07	2.71	2.52	2.31	
-4.75	-3.77	-2.04	2.76	2.59	2.40	
-4.76	-3.76	-2.03	2.79	2.62	2.45	
						
						
						
						
						
						
						
						
						
						
						
						
						
						
						
						
						
						
						
						
						
						
						
						
						
						
						
						
						
						
						
						
						
						
						
						
						
						
						
						
						
						
						
						
						
						
						
						
						
						
						
						
						
						
						
						
						
						
						
						
						
						
						
						
						
						
						
						
						
						
						
						
						
						
						
						
						
						
						
						
						
						
						
						
						
						
						
						
						
						
						
						
						
						
						
						
						
						
						
						
						
						
						
						
						
						
						
						
						
						
						
						
						
						
						
						
						
						
						
						
						
						
						
						
						
						
						
						
						
						
						
						
						
						
						
						
						
						
						
						
						
						
						
						
						
						
						
						
						
						
						
						
						
						
						
						
						
						
						
						
						
						
						
						
						
						
						
						
						
						
						
						
						
						
						
						
						
						
						
						
						
						
						
						
						
						
						
						
						
						
						
						
						
						
						
						
						
						
						
						
						
						
						
						
						
						
						
						
						
						
						
						
						
						
						
						
						
						
						
						
						
						
						
						
						
						
						
						
						
						
						
						
						
						
						
						
						
						
						
						
						
						
						
						
						
						
						
						
						
						
						
						
						
						
						
						
						
						
						
						
						
						
						
						
						
						
						
						
						
						
						
						
						
						
						
						
						
						
						
						
						
						
						
						
						
						
						
						
						
						
						
						
						
						
						
						
						
						
						
						
						
						
						
						
						
						
						
						
						
						
						
						
						
						
						
						
						
						
						
						
						
						
						
						
						
						
						
						
						
						
						
						
						
						
						
						
						
						
						
						
						
						
						
						
						
						
						
						
						
						
						
						
						
						
						
						
						
						
						
						
						
						
						
						
						
						
						
						
						
						
						
						
						
						
						
						
						
						
						
						
						
						
						
						
						
						
						
						
						
						
						
						
						
						
						
						
						
						
						
						
						
						
						
						
						
						
						
						
						
						
						
						
						
						
						
						
						
						
						
						
						
						
						
						
						
						
						
						
						
						
						
						
						
						
						
						
						
						
						
						
						
						
						
						
						
						
						
						
						
						
						
						
						
						
						
						
						
						
						
						
						
						
						
						
						
						
						
						
						
						
						
						
						
						
						
						
						
						
						
						
						
						
						
						
						
						
						
						
						
						
						
						
						
						
						
						
						
						
						
						
						
						
						
						
						
						
						
						
						
						
						
						
						
						
						
						
						
						
						
						
						
						
						
						
						
						
						
						
						
						
						
						
						
						
						
						
						
						
						
						
						
						
						
						
						
						
						
						
						
						
						
						
						
						
						
						
						
						
						
						
						
						
						
						
						
						
						
						
						
						
						
						
						
						
						
						
						
						
						
						
						
						
						
						
						
						
						
						
						
						
						
						
						
						
						
						
						
						
						
						
						
						
						
						
						
						
						
						
						
						
						
						
						
						
						
						
						
						
						
						
						
						
						
						
						
						
						
						
						
						
						
						
						
						
						
						
						
						
						
						
						
						
						
						
						
						
						
						
						
						
						
						
						
						
						
						
						
						
						
						
						
						
						
						
						
						
						
						
						
						
						
						
						
						
						
						
						
						
						
						
						
						
						
						
						
						
						
						
						
						
						
						
						
						
						
						
						
						
						
						
						
						
						
						
						
						
						
						
						
						
						
						
						
						
						
						
						
						
						
						
						
						
						
						
						
						
						
						
						
						
						
						
						
						
						
						
						
						
						
						
						
						
						
						
						
						
						
						
						
						
						
						
						
						
						
						
						
						
						
						
						
						
						
						
						
						
						
						
						
						
						
						
						
						
						
						
						
						
						
						
						
						
						
						
						
						
						
						
						
						
						
						
						
						
						
						
						
						
						
						
						
						
						
						
						
						
						
						
						
						
						
						
						
						
						
						
						
						
						
						
						
						
						
						
						
						
						
						
						
						
						
						
						
						
						
						
						
						
						
						
						
						
						
						
						
						
						
						
						
						
						
						
						
						
						
						
						
						
						
						
						
						
						
						
						
						
						
						
						
						
						
						
						
						
						
						
						
						
						
						
						
						
						
						
						
						
						
						
						
						
						
						
						
						
						
						
						
						
						
						
						
						
						
						
						
						
						
						
						
						
						
						
						
						
						
						
						
						
						
						
						
						
						
						
						
						
						
						
						
						
						
						
						
						
						
						
						
						
						
						
						
						
						
						
						
						
						
						
						
						
						
						
						
						
						
						
						
						
						
						
						
						
						
						
						
						
						
						
						
						
						
						
						
						
						
						
						
						
						
						
						
						
						
						
						
						
						
						
						
						
						
						
						
						
						
						
						
						
						
						
						
						
						
						
						
						
						
						
						
						
						
						
						
						
						
						
						
						
						
						
						
						
						
						
						
						
						
						
						
						
						
						
						
						
						
						
						
						
						
						
						
						
						
						
						
						
						
						
						
						
						
						
						
						
						
						
						
						
						
						
						
						
						
						
						
						
						
						
						
						
						
						
						
						
						
						
						
						
						
						
						
						
						
						
						
						
						
						
						
						
						
						
						
						
						
						
						
						
						
						
						
						
						
						
						
						
						
						
						
						
						
						
						
						
						
						
						
						
						
						
						
						
						
						
						
						
						
						
						
						
						
						
						
						
						
						
						
						
						
						
						
						
						
						
						
						
						
						
						
						
						
						
						
						
						
						
						
						
						
						
						
						
						
						
						
						
						
						
						
						
						
						
						
						
						
						
						
						
						
						
						
						
						
						
						
						
						
						
						
						
						
						
						
						
						
						
						
						
						
						
						
						
						
						
						
						
						
						
						
						
						
						
						
						
						
						
						
						
						
						
						
						
						
						
						
						
						
						
						
						
						
						
						
						
						
						
						
						
						
						
						
						
						
						
						
						
						
						
						
						
						
						
						
						
						
						
						
						
						
						
						
						
						
						
						
						
						
						
						
						
						
						
						
						
						
						
						
						
						
						
						
						
						
						
						
						
						
						
						
						
						
						
						
						
						
						
						
						
						
						
						
						
						
						
						
						
						
						
						
						
						
						
						
						
						
						
						
						
						
						
						
						
						
						
						
						
						
						
						
						
						
						
						
						
						
						
						
						
						
						
						
						
						
						
						
						
						
						
						
						
						
						
						
						
						
						
						
						
						
						
						
						
						
						
						
						
						
						
						
						
						
						
						
						
						
						
						
						
						
						
						
						
						
						
						
						
						
						
						
						
						
						
						
						
						
						
						
						
						
						
						
						
						
						
						
						
						
						
						
						
						
						
						
						
						
						
						
						
						
						
						
						
						
						
						
						
						
						
						
						
						
						
						
						
						
						
						
						
						
						
						
						
						
						
						
						
						
						
						
						
						
						
						
						
						
						
						
						
						
						
						
						
						
						
						
						
						
						
						
						
						
						
						
						
						
						
						
						
						
						
						
						
						
						
						
						
						
						
						
						
						
						
						
						
						
						
						
						
						
						
						
						
						
						
						
						
						
						
						
						
						
						
						
						
						
						
						
						
						
						
						
						
						
						
						
						
						
						
						
						
						
						
						
						
						
						
						
						
						
						
						
						
						
						
						
						
						
						
						
						
						
						
						
						
						
						
						
						
						
						
						
						
						
						
						
						
						
						
						
						
						
						
						
						
						
						
						
						
						
						
						
						
						
						
						
						
						
						
						
						
						
						
						
						
						
						
						
						
						
						
						
						
						
						
						
						
						
						
						
						
						
						
						
						
						
						
						
						
						
						
						
						
						
						
						
						
						
						
						
						
						
						
						
						
						
						
						
						
						
						
						
						
						
						
						
						
						
						
						
						
						
						
						
						
						
						
						
						
						
						
						
						
						
						
						
						
						
						
						
						
						
						
						
						
						
						
						
						
						
						
						
						
						
						
						
						
						
						
						
						
						
						
						
						
						
						
						
						
						
						
						
						
						
						
						
						
						
						
						
						
						
						
						
						
						
						
						
						
						
						
						
						
						
						
						
						
						
						
						
						
						
						
						
						
						
						
						
						
						
						
						
						
						
						
						
						
						
						
						
						
						
						
						
						
						
						
						
						
						
						
						
						
						
						
						
						
						
						
						
						
						
						
						
						
						
						
						
						
						
						
						
						
						
						
						
						
						
						
						
						
						
						
						
						
						
						
						
						
						
						
						
						
						
						
						
						
						
						
						
						
						
						
						
						
						
						
						
						
						
						
						
						
						
						
						
						
						
						
						
						
						
						
						
						
						
						
						
						
						
						
						
						
						
						
						
						
						
						
						
						
						
						
						
						
						
						
						
						
						
						
						
						
						
						
						
						
						
						
						
						
						
						
						
						
						
						
						
						
						
						
						
						
						
						
						
						
						
						
						
						
						
						
						
						
						
						
						
						
						
						
						
						
						
						
						
						
						
						
						
						
						
						
						
						
						
						
						
						
						
						
						
						
						
						
						
						
						
						
						
						
						
						
						
						
						
						
						
						
						
						
						
						
						
						
						
						
						
						
						
						
						
						
						
						
						
						
						
						
						
						
						
						
						
						
						
						
						
						
						
						
						
						
						
						
						
						
						
						
						
						
						
						
						
						
						
						
						
						
						
						
						
						
						
						
						
						
						
						
						
						
						
						
						
						
						
						
						
						
						
						
						
						
						
						
						
						
						
						
						
						
						
						
						
						
						
						
						
						
						
						
						
						
						
						
						
						
						
						
						
						
						
						
						
						
						
						
						
						
