0.00	0.01	0.01	-0.03	-0.04	-0.05	
0.01	0.02	0.04	-0.08	-0.11	-0.15	
0.02	0.05	0.08	-0.18	-0.23	-0.32	
0.03	0.08	0.13	-0.30	-0.38	-0.51	
0.03	0.10	0.18	-0.43	-0.52	-0.67	
0.03	0.12	0.22	-0.57	-0.66	-0.80	
0.02	0.13	0.25	-0.73	-0.79	-0.90	
0.02	0.15	0.29	-0.89	-0.93	-0.99	
0.01	0.16	0.34	-1.08	-1.08	-1.08	
-0.00	0.18	0.38	-1.28	-1.24	-1.17	
-0.01	0.20	0.43	-1.49	-1.40	-1.26	
-0.02	0.22	0.49	-1.71	-1.57	-1.35	
-0.02	0.25	0.55	-1.94	-1.75	-1.45	
-0.01	0.29	0.62	-2.19	-1.93	-1.56	
0.01	0.33	0.69	-2.44	-2.12	-1.66	
0.03	0.38	0.76	-2.70	-2.32	-1.78	
0.07	0.43	0.84	-2.97	-2.52	-1.90	
0.10	0.49	0.92	-3.26	-2.73	-2.03	
0.15	0.56	1.00	-3.55	-2.95	-2.17	
0.20	0.62	1.07	-3.85	-3.17	-2.32	
0.25	0.69	1.15	-4.15	-3.40	-2.48	
0.31	0.76	1.22	-4.46	-3.63	-2.63	
0.38	0.84	1.29	-4.76	-3.86	-2.79	
0.46	0.92	1.36	-5.07	-4.09	-2.95	
0.54	1.00	1.43	-5.36	-4.31	-3.10	
0.64	1.08	1.49	-5.65	-4.52	-3.24	
0.74	1.17	1.55	-5.93	-4.73	-3.38	
0.84	1.26	1.60	-6.21	-4.93	-3.52	
0.95	1.35	1.66	-6.49	-5.13	-3.66	
1.07	1.45	1.70	-6.76	-5.33	-3.80	
1.19	1.54	1.75	-7.03	-5.53	-3.95	
1.30	1.64	1.79	-7.31	-5.73	-4.09	
1.42	1.73	1.83	-7.58	-5.94	-4.24	
1.54	1.82	1.86	-7.85	-6.13	-4.38	
1.65	1.90	1.90	-8.12	-6.33	-4.53	
1.75	1.98	1.94	-8.39	-6.52	-4.68	
1.86	2.06	1.97	-8.65	-6.71	-4.83	
1.95	2.14	2.01	-8.91	-6.90	-4.97	
2.05	2.21	2.05	-9.17	-7.08	-5.11	
2.13	2.27	2.08	-9.42	-7.27	-5.25	
2.21	2.33	2.11	-9.68	-7.46	-5.39	
2.27	2.38	2.14	-9.94	-7.65	-5.54	
2.33	2.41	2.16	-10.19	-7.83	-5.68	
2.36	2.44	2.17	-10.44	-8.02	-5.83	
2.39	2.45	2.18	-10.69	-8.20	-5.97	
2.41	2.46	2.19	-10.93	-8.38	-6.11	
2.41	2.45	2.20	-11.17	-8.56	-6.25	
2.40	2.44	2.21	-11.40	-8.73	-6.39	
2.39	2.42	2.21	-11.62	-8.90	-6.53	
2.36	2.39	2.21	-11.84	-9.06	-6.66	
2.32	2.35	2.20	-12.05	-9.22	-6.79	
2.27	2.30	2.19	-12.26	-9.37	-6.91	
2.21	2.24	2.17	-12.45	-9.51	-7.02	
2.15	2.18	2.14	-12.64	-9.65	-7.13	
2.09	2.11	2.12	-12.81	-9.77	-7.23	
2.03	2.05	2.09	-12.97	-9.88	-7.32	
1.97	1.99	2.07	-13.12	-9.99	-7.41	
1.91	1.93	2.04	-13.26	-10.08	-7.49	
1.86	1.88	2.01	-13.40	-10.17	-7.57	
1.81	1.82	1.99	-13.52	-10.26	-7.64	
1.77	1.77	1.96	-13.64	-10.34	-7.72	
1.73	1.73	1.94	-13.76	-10.43	-7.80	
1.70	1.69	1.92	-13.87	-10.51	-7.88	
1.69	1.66	1.91	-13.98	-10.59	-7.95	
1.68	1.64	1.90	-14.08	-10.66	-8.03	
1.68	1.63	1.89	-14.17	-10.73	-8.09	
1.69	1.63	1.88	-14.25	-10.79	-8.15	
1.71	1.63	1.87	-14.33	-10.85	-8.21	
1.74	1.65	1.87	-14.41	-10.90	-8.27	
1.77	1.67	1.87	-14.48	-10.96	-8.32	
1.82	1.70	1.87	-14.56	-11.02	-8.39	
1.87	1.74	1.87	-14.64	-11.09	-8.45	
1.93	1.78	1.87	-14.72	-11.16	-8.52	
1.99	1.82	1.88	-14.80	-11.23	-8.59	
2.06	1.87	1.88	-14.87	-11.29	-8.66	
2.12	1.92	1.89	-14.93	-11.36	-8.72	
2.17	1.96	1.89	-14.99	-11.42	-8.78	
2.22	2.00	1.89	-15.04	-11.47	-8.84	
2.27	2.03	1.88	-15.08	-11.53	-8.90	
2.31	2.06	1.88	-15.12	-11.57	-8.95	
2.34	2.09	1.86	-15.16	-11.62	-8.99	
2.37	2.11	1.85	-15.19	-11.66	-9.03	
2.40	2.12	1.83	-15.21	-11.70	-9.07	
2.41	2.13	1.81	-15.23	-11.73	-9.10	
2.42	2.13	1.79	-15.24	-11.75	-9.12	
2.42	2.12	1.76	-15.24	-11.77	-9.14	
2.41	2.11	1.74	-15.24	-11.79	-9.16	
2.40	2.10	1.72	-15.24	-11.81	-9.18	
2.38	2.08	1.70	-15.25	-11.83	-9.20	
2.37	2.07	1.69	-15.25	-11.84	-9.21	
2.35	2.05	1.69	-15.25	-11.86	-9.22	
2.33	2.04	1.69	-15.25	-11.87	-9.23	
2.32	2.03	1.69	-15.25	-11.88	-9.24	
2.30	2.01	1.70	-15.26	-11.89	-9.26	
2.29	2.00	1.71	-15.27	-11.91	-9.27	
2.28	1.99	1.72	-15.29	-11.93	-9.29	
2.27	1.99	1.74	-15.31	-11.95	-9.31	
2.27	1.98	1.75	-15.32	-11.97	-9.33	
2.27	1.98	1.77	-15.34	-11.99	-9.35	
2.27	1.99	1.79	-15.34	-11.99	-9.35	
2.28	1.99	1.81	-15.34	-11.99	-9.35	
2.29	2.00	1.84	-15.33	-11.97	-9.34	
2.30	2.02	1.87	-15.32	-11.95	-9.33	
2.32	2.04	1.90	-15.30	-11.92	-9.30	
2.34	2.06	1.93	-15.28	-11.88	-9.28	
2.37	2.09	1.96	-15.26	-11.85	-9.25	
2.40	2.11	1.99	-15.24	-11.81	-9.22	
2.44	2.15	2.02	-15.22	-11.78	-9.19	
2.47	2.18	2.04	-15.20	-11.74	-9.16	
2.52	2.22	2.07	-15.18	-11.70	-9.13	
2.57	2.27	2.10	-15.17	-11.66	-9.09	
2.62	2.32	2.14	-15.15	-11.62	-9.06	
2.67	2.37	2.17	-15.14	-11.58	-9.02	
2.73	2.42	2.20	-15.13	-11.54	-8.98	
2.78	2.47	2.23	-15.11	-11.49	-8.95	
2.83	2.52	2.26	-15.10	-11.46	-8.91	
2.88	2.56	2.29	-15.09	-11.43	-8.88	
2.91	2.60	2.31	-15.08	-11.41	-8.86	
2.94	2.63	2.33	-15.08	-11.39	-8.84	
2.97	2.65	2.35	-15.08	-11.39	-8.83	
2.99	2.67	2.37	-15.09	-11.38	-8.82	
3.01	2.69	2.38	-15.09	-11.38	-8.82	
3.02	2.71	2.40	-15.10	-11.38	-8.81	
3.03	2.72	2.41	-15.09	-11.37	-8.79	
3.03	2.72	2.42	-15.08	-11.36	-8.77	
3.02	2.71	2.42	-15.07	-11.35	-8.75	
3.00	2.69	2.43	-15.04	-11.33	-8.73	
2.97	2.67	2.43	-15.02	-11.31	-8.71	
2.93	2.63	2.42	-14.99	-11.29	-8.68	
2.88	2.59	2.41	-14.96	-11.27	-8.66	
2.82	2.53	2.40	-14.92	-11.24	-8.62	
2.76	2.47	2.38	-14.88	-11.21	-8.59	
2.69	2.40	2.37	-14.84	-11.18	-8.56	
2.61	2.33	2.35	-14.80	-11.15	-8.53	
2.54	2.27	2.34	-14.76	-11.12	-8.49	
2.48	2.20	2.33	-14.71	-11.08	-8.46	
2.42	2.14	2.32	-14.67	-11.04	-8.42	
2.36	2.09	2.32	-14.62	-11.00	-8.38	
2.32	2.04	2.32	-14.56	-10.96	-8.33	
2.28	2.00	2.32	-14.51	-10.91	-8.29	
2.24	1.97	2.33	-14.45	-10.86	-8.24	
2.21	1.93	2.33	-14.40	-10.81	-8.19	
2.18	1.90	2.33	-14.34	-10.75	-8.14	
2.15	1.87	2.33	-14.29	-10.70	-8.10	
2.13	1.84	2.34	-14.24	-10.66	-8.06	
2.12	1.83	2.34	-14.20	-10.62	-8.03	
2.12	1.83	2.35	-14.17	-10.58	-8.00	
2.13	1.83	2.36	-14.14	-10.55	-7.97	
2.15	1.84	2.38	-14.12	-10.51	-7.95	
2.17	1.86	2.39	-14.09	-10.48	-7.93	
2.21	1.89	2.41	-14.06	-10.45	-7.91	
2.25	1.93	2.42	-14.04	-10.42	-7.90	
2.30	1.97	2.44	-14.03	-10.39	-7.88	
2.35	2.02	2.46	-14.02	-10.38	-7.87	
2.41	2.08	2.49	-14.02	-10.36	-7.87	
2.48	2.14	2.51	-14.03	-10.35	-7.86	
2.54	2.20	2.54	-14.03	-10.34	-7.86	
2.60	2.26	2.56	-14.05	-10.34	-7.86	
2.66	2.32	2.58	-14.06	-10.33	-7.87	
2.71	2.38	2.60	-14.07	-10.33	-7.87	
2.77	2.44	2.62	-14.09	-10.32	-7.87	
2.82	2.50	2.64	-14.11	-10.32	-7.87	
2.86	2.56	2.66	-14.13	-10.32	-7.87	
2.91	2.61	2.68	-14.14	-10.32	-7.87	
2.94	2.66	2.69	-14.16	-10.32	-7.87	
2.97	2.71	2.70	-14.18	-10.32	-7.87	
2.98	2.75	2.71	-14.19	-10.31	-7.87	
2.99	2.78	2.72	-14.20	-10.31	-7.86	
2.99	2.80	2.72	-14.21	-10.30	-7.86	
2.98	2.82	2.73	-14.23	-10.29	-7.86	
2.97	2.84	2.73	-14.24	-10.28	-7.86	
2.95	2.85	2.74	-14.25	-10.27	-7.85	
2.92	2.86	2.74	-14.26	-10.27	-7.85	
2.89	2.86	2.75	-14.27	-10.26	-7.85	
2.85	2.86	2.76	-14.28	-10.25	-7.85	
2.81	2.85	2.77	-14.29	-10.24	-7.85	
2.76	2.85	2.78	-14.29	-10.23	-7.84	
2.72	2.85	2.79	-14.28	-10.20	-7.82	
2.68	2.85	2.80	-14.26	-10.17	-7.80	
2.65	2.85	2.82	-14.24	-10.13	-7.78	
2.61	2.85	2.84	-14.21	-10.09	-7.75	
2.58	2.86	2.86	-14.18	-10.04	-7.72	
2.55	2.87	2.88	-14.14	-9.99	-7.68	
2.53	2.88	2.91	-14.10	-9.93	-7.65	
2.51	2.90	2.94	-14.05	-9.86	-7.61	
2.50	2.93	2.98	-14.00	-9.80	-7.58	
2.49	2.96	3.02	-13.96	-9.74	-7.55	
2.50	3.00	3.07	-13.92	-9.68	-7.52	
2.52	3.05	3.11	-13.88	-9.63	-7.50	
2.54	3.10	3.16	-13.84	-9.58	-7.49	
2.57	3.16	3.21	-13.81	-9.54	-7.49	
2.61	3.22	3.26	-13.78	-9.50	-7.49	
2.65	3.28	3.31	-13.75	-9.47	-7.50	
2.70	3.35	3.36	-13.73	-9.44	-7.52	
2.75	3.41	3.40	-13.71	-9.42	-7.54	
2.80	3.48	3.44	-13.69	-9.41	-7.57	
2.85	3.53	3.47	-13.68	-9.39	-7.61	
2.89	3.58	3.49	-13.66	-9.38	-7.65	
2.94	3.63	3.51	-13.64	-9.38	-7.69	
2.98	3.67	3.52	-13.63	-9.37	-7.74	
3.02	3.71	3.54	-13.62	-9.37	-7.79	
3.06	3.75	3.56	-13.60	-9.38	-7.85	
3.10	3.79	3.57	-13.60	-9.38	-7.91	
3.15	3.83	3.59	-13.59	-9.39	-7.97	
3.20	3.87	3.61	-13.58	-9.41	-8.04	
3.25	3.91	3.63	-13.58	-9.42	-8.10	
3.29	3.94	3.65	-13.57	-9.43	-8.17	
3.33	3.98	3.67	-13.55	-9.44	-8.23	
3.37	4.00	3.69	-13.53	-9.44	-8.29	
3.41	4.02	3.71	-13.51	-9.45	-8.34	
3.44	4.04	3.73	-13.49	-9.46	-8.40	
3.47	4.05	3.74	-13.47	-9.46	-8.45	
3.49	4.05	3.76	-13.45	-9.47	-8.50	
3.51	4.05	3.76	-13.43	-9.48	-8.55	
3.52	4.04	3.77	-13.40	-9.49	-8.60	
3.53	4.02	3.78	-13.39	-9.51	-8.65	
3.54	4.01	3.78	-13.37	-9.53	-8.71	
3.55	3.99	3.78	-13.37	-9.56	-8.77	
3.57	3.97	3.79	-13.36	-9.59	-8.83	
3.59	3.96	3.79	-13.36	-9.63	-8.90	
3.62	3.94	3.80	-13.36	-9.67	-8.97	
3.65	3.94	3.81	-13.36	-9.70	-9.03	
3.68	3.93	3.82	-13.35	-9.73	-9.08	
3.72	3.92	3.83	-13.33	-9.75	-9.13	
3.76	3.92	3.83	-13.29	-9.76	-9.17	
3.80	3.91	3.84	-13.24	-9.77	-9.20	
3.85	3.91	3.85	-13.19	-9.76	-9.23	
3.91	3.92	3.86	-13.14	-9.75	-9.25	
3.97	3.93	3.86	-13.08	-9.74	-9.27	
4.03	3.94	3.87	-13.02	-9.73	-9.28	
4.11	3.96	3.88	-12.97	-9.72	-9.30	
4.18	3.99	3.88	-12.91	-9.70	-9.32	
4.27	4.01	3.89	-12.85	-9.69	-9.32	
4.36	4.05	3.90	-12.77	-9.65	-9.32	
4.45	4.09	3.91	-12.68	-9.61	-9.29	
4.55	4.13	3.92	-12.58	-9.55	-9.25	
4.66	4.18	3.93	-12.46	-9.47	-9.19	
4.77	4.24	3.95	-12.33	-9.37	-9.10	
4.88	4.31	3.98	-12.18	-9.26	-9.01	
5.00	4.38	4.02	-12.03	-9.14	-8.89	
5.13	4.45	4.06	-11.86	-9.01	-8.77	
5.25	4.53	4.10	-11.69	-8.87	-8.64	
5.36	4.60	4.15	-11.52	-8.73	-8.51	
5.48	4.67	4.19	-11.36	-8.60	-8.37	
5.59	4.73	4.23	-11.21	-8.48	-8.24	
5.69	4.79	4.27	-11.07	-8.38	-8.13	
5.79	4.85	4.31	-10.95	-8.29	-8.03	
5.88	4.90	4.34	-10.84	-8.21	-7.95	
5.95	4.94	4.37	-10.75	-8.15	-7.89	
6.02	4.98	4.41	-10.68	-8.11	-7.85	
6.09	5.01	4.44	-10.61	-8.08	-7.81	
6.14	5.03	4.47	-10.56	-8.05	-7.79	
6.18	5.05	4.50	-10.51	-8.04	-7.77	
6.22	5.06	4.53	-10.46	-8.03	-7.75	
6.24	5.06	4.56	-10.43	-8.02	-7.74	
6.25	5.05	4.58	-10.39	-8.02	-7.72	
6.25	5.03	4.60	-10.37	-8.03	-7.72	
6.23	5.00	4.61	-10.35	-8.05	-7.71	
6.20	4.96	4.61	-10.35	-8.08	-7.71	
6.16	4.91	4.61	-10.36	-8.11	-7.72	
6.10	4.85	4.59	-10.38	-8.16	-7.73	
6.04	4.77	4.57	-10.41	-8.22	-7.74	
5.96	4.69	4.53	-10.45	-8.29	-7.75	
5.86	4.59	4.49	-10.50	-8.36	-7.77	
5.75	4.47	4.44	-10.56	-8.45	-7.79	
5.63	4.35	4.38	-10.63	-8.55	-7.81	
5.49	4.21	4.32	-10.71	-8.66	-7.84	
5.35	4.07	4.24	-10.82	-8.78	-7.88	
5.19	3.91	4.17	-10.93	-8.92	-7.92	
5.02	3.75	4.08	-11.05	-9.06	-7.97	
4.85	3.58	3.99	-11.18	-9.21	-8.01	
4.66	3.40	3.89	-11.32	-9.35	-8.05	
4.47	3.22	3.78	-11.44	-9.49	-8.09	
4.27	3.03	3.67	-11.56	-9.62	-8.11	
4.06	2.84	3.56	-11.68	-9.74	-8.13	
3.86	2.65	3.45	-11.79	-9.86	-8.14	
3.65	2.46	3.34	-11.89	-9.97	-8.14	
3.44	2.27	3.23	-11.99	-10.07	-8.14	
3.23	2.08	3.12	-12.09	-10.18	-8.14	
3.02	1.89	3.01	-12.19	-10.28	-8.15	
2.81	1.70	2.90	-12.30	-10.39	-8.16	
2.59	1.51	2.78	-12.41	-10.50	-8.18	
2.38	1.31	2.67	-12.51	-10.60	-8.19	
2.16	1.12	2.56	-12.62	-10.70	-8.21	
1.95	0.93	2.45	-12.72	-10.80	-8.22	
1.75	0.75	2.34	-12.82	-10.89	-8.23	
1.55	0.57	2.23	-12.92	-10.98	-8.23	
1.36	0.39	2.13	-13.01	-11.06	-8.23	
1.17	0.22	2.03	-13.09	-11.13	-8.23	
0.99	0.05	1.94	-13.15	-11.19	-8.21	
0.81	-0.12	1.85	-13.20	-11.24	-8.19	
0.64	-0.28	1.76	-13.25	-11.28	-8.16	
0.48	-0.44	1.69	-13.28	-11.31	-8.13	
0.32	-0.59	1.62	-13.30	-11.34	-8.09	
0.18	-0.73	1.55	-13.32	-11.35	-8.05	
0.04	-0.86	1.50	-13.33	-11.36	-8.01	
-0.08	-0.99	1.45	-13.33	-11.36	-7.96	
-0.20	-1.11	1.41	-13.32	-11.36	-7.92	
-0.30	-1.22	1.38	-13.31	-11.36	-7.87	
-0.39	-1.33	1.36	-13.30	-11.35	-7.82	
-0.46	-1.42	1.35	-13.28	-11.35	-7.78	
-0.53	-1.50	1.34	-13.26	-11.34	-7.73	
-0.58	-1.58	1.33	-13.24	-11.33	-7.69	
-0.63	-1.65	1.33	-13.22	-11.32	-7.64	
-0.67	-1.72	1.33	-13.19	-11.31	-7.60	
-0.71	-1.78	1.33	-13.15	-11.29	-7.55	
-0.75	-1.84	1.34	-13.11	-11.26	-7.49	
-0.78	-1.89	1.34	-13.06	-11.23	-7.43	
-0.80	-1.94	1.35	-13.01	-11.19	-7.37	
-0.82	-1.97	1.36	-12.95	-11.15	-7.31	
-0.82	-2.00	1.38	-12.90	-11.12	-7.25	
-0.82	-2.03	1.39	-12.85	-11.08	-7.19	
-0.82	-2.04	1.41	-12.81	-11.05	-7.13	
-0.80	-2.04	1.43	-12.76	-11.01	-7.08	
-0.78	-2.04	1.46	-12.72	-10.98	-7.04	
-0.75	-2.03	1.48	-12.68	-10.94	-7.00	
-0.72	-2.00	1.51	-12.65	-10.91	-6.97	
-0.67	-1.97	1.54	-12.61	-10.88	-6.95	
-0.62	-1.93	1.57	-12.58	-10.85	-6.93	
-0.56	-1.87	1.60	-12.54	-10.81	-6.92	
-0.49	-1.81	1.64	-12.50	-10.77	-6.90	
-0.41	-1.74	1.68	-12.45	-10.72	-6.89	
-0.33	-1.67	1.73	-12.39	-10.67	-6.88	
-0.24	-1.58	1.78	-12.32	-10.61	-6.87	
-0.14	-1.49	1.83	-12.25	-10.54	-6.85	
-0.04	-1.38	1.88	-12.17	-10.46	-6.84	
0.08	-1.27	1.94	-12.09	-10.38	-6.82	
0.21	-1.14	2.00	-12.00	-10.28	-6.81	
0.34	-1.01	2.06	-11.89	-10.18	-6.79	
0.48	-0.87	2.12	-11.78	-10.07	-6.78	
0.62	-0.73	2.18	-11.66	-9.96	-6.76	
0.77	-0.59	2.24	-11.53	-9.83	-6.74	
0.92	-0.44	2.31	-11.39	-9.70	-6.72	
1.08	-0.28	2.37	-11.25	-9.56	-6.70	
1.24	-0.13	2.44	-11.10	-9.42	-6.68	
1.40	0.03	2.50	-10.94	-9.27	-6.65	
1.57	0.19	2.56	-10.77	-9.11	-6.61	
1.73	0.34	2.62	-10.60	-8.93	-6.56	
1.90	0.50	2.68	-10.41	-8.75	-6.51	
2.07	0.67	2.74	-10.22	-8.57	-6.45	
2.25	0.83	2.79	-10.03	-8.38	-6.40	
2.43	1.00	2.85	-9.84	-8.19	-6.34	
2.62	1.18	2.90	-9.65	-8.01	-6.28	
2.81	1.36	2.96	-9.46	-7.83	-6.23	
3.01	1.55	3.02	-9.27	-7.64	-6.17	
3.21	1.74	3.07	-9.08	-7.46	-6.12	
3.41	1.93	3.13	-8.89	-7.28	-6.06	
3.62	2.13	3.19	-8.70	-7.10	-6.00	
3.82	2.32	3.24	-8.51	-6.92	-5.95	
4.03	2.52	3.30	-8.33	-6.74	-5.89	
4.23	2.72	3.36	-8.15	-6.57	-5.83	
4.44	2.92	3.41	-7.98	-6.40	-5.76	
4.65	3.12	3.46	-7.80	-6.22	-5.69	
4.85	3.33	3.51	-7.63	-6.04	-5.61	
5.06	3.53	3.56	-7.45	-5.86	-5.53	
5.26	3.73	3.61	-7.28	-5.67	-5.43	
5.47	3.94	3.66	-7.11	-5.49	-5.34	
5.67	4.14	3.71	-6.94	-5.30	-5.23	
5.88	4.35	3.77	-6.78	-5.12	-5.13	
6.08	4.55	3.82	-6.62	-4.94	-5.02	
6.28	4.76	3.87	-6.46	-4.75	-4.92	
6.47	4.95	3.92	-6.31	-4.58	-4.81	
6.65	5.15	3.97	-6.16	-4.40	-4.71	
6.83	5.34	4.02	-6.02	-4.23	-4.61	
7.00	5.52	4.07	-5.89	-4.07	-4.51	
7.17	5.71	4.13	-5.76	-3.92	-4.41	
7.34	5.89	4.18	-5.64	-3.76	-4.32	
7.50	6.07	4.24	-5.52	-3.61	-4.22	
7.66	6.24	4.30	-5.40	-3.46	-4.13	
7.82	6.42	4.37	-5.28	-3.32	-4.03	
7.98	6.60	4.44	-5.17	-3.17	-3.94	
8.13	6.77	4.51	-5.05	-3.02	-3.85	
8.28	6.94	4.59	-4.94	-2.88	-3.76	
8.43	7.11	4.67	-4.83	-2.74	-3.68	
8.57	7.27	4.75	-4.73	-2.61	-3.61	
8.71	7.42	4.83	-4.62	-2.48	-3.53	
8.84	7.57	4.91	-4.52	-2.35	-3.47	
8.96	7.72	4.99	-4.42	-2.23	-3.40	
9.09	7.86	5.07	-4.32	-2.10	-3.33	
9.21	8.00	5.16	-4.22	-1.98	-3.26	
9.33	8.14	5.25	-4.10	-1.85	-3.18	
9.44	8.27	5.34	-3.98	-1.71	-3.10	
9.56	8.41	5.43	-3.86	-1.56	-3.01	
9.68	8.54	5.52	-3.72	-1.41	-2.91	
9.79	8.67	5.62	-3.58	-1.26	-2.82	
9.90	8.80	5.71	-3.44	-1.11	-2.72	
10.00	8.93	5.80	-3.31	-0.96	-2.63	
10.10	9.05	5.89	-3.18	-0.82	-2.55	
10.19	9.17	5.98	-3.06	-0.70	-2.48	
10.28	9.28	6.07	-2.95	-0.58	-2.43	
10.37	9.38	6.15	-2.85	-0.48	-2.38	
10.44	9.48	6.23	-2.76	-0.39	-2.34	
10.52	9.58	6.31	-2.69	-0.31	-2.31	
10.59	9.67	6.38	-2.63	-0.24	-2.28	
10.66	9.76	6.45	-2.57	-0.18	-2.26	
10.72	9.85	6.52	-2.52	-0.13	-2.24	
10.79	9.94	6.59	-2.47	-0.08	-2.22	
10.85	10.02	6.66	-2.43	-0.05	-2.21	
10.91	10.10	6.73	-2.41	-0.03	-2.22	
10.97	10.18	6.79	-2.40	-0.03	-2.23	
11.02	10.25	6.85	-2.41	-0.05	-2.26	
11.06	10.31	6.90	-2.42	-0.08	-2.30	
11.09	10.37	6.95	-2.45	-0.13	-2.34	
11.11	10.41	6.99	-2.49	-0.19	-2.40	
11.13	10.44	7.03	-2.54	-0.26	-2.46	
11.13	10.47	7.06	-2.59	-0.34	-2.53	
11.12	10.48	7.09	-2.65	-0.43	-2.60	
11.11	10.49	7.11	-2.71	-0.52	-2.68	
11.08	10.48	7.12	-2.78	-0.61	-2.75	
11.05	10.47	7.12	-2.85	-0.71	-2.83	
11.00	10.44	7.12	-2.91	-0.82	-2.90	
10.94	10.40	7.10	-2.98	-0.92	-2.98	
10.87	10.35	7.08	-3.05	-1.03	-3.06	
10.80	10.29	7.05	-3.12	-1.14	-3.14	
10.72	10.22	7.01	-3.20	-1.26	-3.22	
10.63	10.15	6.97	-3.27	-1.38	-3.31	
10.55	10.06	6.93	-3.35	-1.50	-3.39	
10.46	9.98	6.88	-3.42	-1.62	-3.48	
10.38	9.89	6.83	-3.50	-1.74	-3.56	
10.29	9.79	6.78	-3.56	-1.86	-3.64	
10.22	9.70	6.73	-3.63	-1.97	-3.72	
10.15	9.60	6.68	-3.70	-2.08	-3.79	
10.08	9.51	6.62	-3.76	-2.19	-3.87	
10.02	9.41	6.56	-3.83	-2.31	-3.95	
9.97	9.31	6.50	-3.91	-2.43	-4.03	
9.91	9.21	6.43	-3.98	-2.55	-4.11	
9.87	9.11	6.36	-4.07	-2.67	-4.20	
9.82	9.01	6.29	-4.16	-2.80	-4.30	
9.78	8.90	6.20	-4.26	-2.94	-4.41	
9.73	8.80	6.12	-4.38	-3.08	-4.53	
9.69	8.69	6.03	-4.50	-3.24	-4.66	
9.65	8.58	5.94	-4.63	-3.40	-4.80	
9.61	8.47	5.84	-4.77	-3.56	-4.95	
9.58	8.36	5.75	-4.90	-3.73	-5.10	
9.55	8.26	5.65	-5.03	-3.90	-5.25	
9.52	8.16	5.56	-5.15	-4.06	-5.39	
9.50	8.06	5.46	-5.26	-4.21	-5.52	
9.48	7.97	5.38	-5.35	-4.34	-5.63	
9.47	7.88	5.29	-5.42	-4.46	-5.73	
9.47	7.81	5.21	-5.47	-4.57	-5.82	
9.47	7.74	5.14	-5.50	-4.66	-5.89	
9.47	7.67	5.07	-5.52	-4.74	-5.95	
9.48	7.61	5.01	-5.52	-4.80	-5.99	
9.47	7.54	4.95	-5.51	-4.85	-6.02	
9.46	7.47	4.88	-5.49	-4.89	-6.04	
9.43	7.39	4.82	-5.46	-4.93	-6.06	
9.39	7.30	4.75	-5.42	-4.96	-6.07	
9.34	7.20	4.67	-5.39	-4.99	-6.08	
9.28	7.10	4.59	-5.37	-5.03	-6.10	
9.22	7.00	4.51	-5.35	-5.08	-6.11	
9.14	6.89	4.44	-5.33	-5.13	-6.14	
9.07	6.78	4.36	-5.33	-5.18	-6.17	
8.98	6.67	4.29	-5.32	-5.24	-6.20	
8.89	6.56	4.22	-5.33	-5.31	-6.24	
8.78	6.44	4.15	-5.33	-5.37	-6.28	
8.67	6.32	4.08	-5.34	-5.44	-6.33	
8.55	6.19	4.01	-5.34	-5.50	-6.36	
8.42	6.06	3.94	-5.34	-5.56	-6.40	
8.28	5.92	3.86	-5.33	-5.61	-6.43	
8.13	5.77	3.78	-5.32	-5.66	-6.46	
7.97	5.61	3.70	-5.31	-5.71	-6.49	
7.81	5.45	3.62	-5.30	-5.76	-6.52	
7.64	5.28	3.54	-5.29	-5.81	-6.56	
7.46	5.12	3.46	-5.29	-5.86	-6.60	
7.29	4.96	3.37	-5.29	-5.92	-6.65	
7.11	4.79	3.29	-5.30	-5.98	-6.69	
6.94	4.63	3.21	-5.31	-6.04	-6.74	
6.77	4.47	3.13	-5.31	-6.10	-6.79	
6.59	4.31	3.04	-5.33	-6.16	-6.84	
6.42	4.15	2.96	-5.34	-6.23	-6.89	
6.24	4.00	2.88	-5.35	-6.29	-6.94	
6.07	3.84	2.80	-5.35	-6.35	-6.98	
5.90	3.69	2.73	-5.36	-6.40	-7.02	
5.74	3.55	2.65	-5.36	-6.45	-7.05	
5.58	3.41	2.58	-5.35	-6.49	-7.07	
5.43	3.28	2.51	-5.34	-6.53	-7.08	
5.28	3.15	2.44	-5.31	-6.55	-7.07	
5.14	3.02	2.37	-5.28	-6.57	-7.06	
4.99	2.90	2.30	-5.24	-6.58	-7.05	
4.85	2.77	2.22	-5.21	-6.60	-7.03	
4.72	2.65	2.15	-5.18	-6.62	-7.01	
4.59	2.54	2.07	-5.15	-6.64	-6.99	
4.46	2.43	2.00	-5.13	-6.68	-6.98	
4.34	2.31	1.93	-5.12	-6.72	-6.97	
4.22	2.20	1.86	-5.11	-6.77	-6.97	
4.10	2.09	1.79	-5.11	-6.83	-6.98	
3.97	1.97	1.72	-5.12	-6.89	-6.98	
3.85	1.86	1.64	-5.14	-6.96	-6.99	
3.72	1.74	1.57	-5.16	-7.04	-7.01	
3.60	1.61	1.49	-5.18	-7.12	-7.02	
3.47	1.48	1.40	-5.22	-7.20	-7.04	
3.34	1.35	1.31	-5.26	-7.29	-7.05	
3.20	1.21	1.22	-5.30	-7.39	-7.08	
3.06	1.06	1.13	-5.36	-7.49	-7.10	
2.91	0.91	1.03	-5.43	-7.60	-7.13	
2.76	0.76	0.93	-5.50	-7.72	-7.17	
2.61	0.60	0.84	-5.59	-7.85	-7.21	
2.46	0.44	0.74	-5.68	-7.97	-7.26	
2.30	0.28	0.65	-5.78	-8.10	-7.30	
2.15	0.12	0.55	-5.89	-8.23	-7.34	
1.99	-0.05	0.46	-6.00	-8.36	-7.38	
1.84	-0.21	0.37	-6.11	-8.49	-7.42	
1.68	-0.38	0.28	-6.22	-8.62	-7.45	
1.52	-0.54	0.20	-6.34	-8.76	-7.49	
1.36	-0.71	0.11	-6.46	-8.90	-7.53	
1.21	-0.87	0.02	-6.60	-9.04	-7.57	
1.06	-1.02	-0.06	-6.73	-9.18	-7.61	
0.91	-1.18	-0.14	-6.87	-9.33	-7.65	
0.77	-1.33	-0.22	-7.00	-9.46	-7.68	
0.62	-1.47	-0.30	-7.13	-9.59	-7.71	
0.48	-1.61	-0.38	-7.26	-9.71	-7.74	
0.34	-1.75	-0.45	-7.39	-9.83	-7.76	
0.19	-1.89	-0.53	-7.51	-9.94	-7.77	
0.06	-2.02	-0.60	-7.63	-10.05	-7.79	
-0.08	-2.15	-0.67	-7.75	-10.15	-7.79	
-0.21	-2.27	-0.75	-7.88	-10.25	-7.79	
-0.34	-2.39	-0.82	-8.00	-10.35	-7.79	
-0.47	-2.50	-0.89	-8.12	-10.45	-7.79	
-0.59	-2.61	-0.96	-8.24	-10.54	-7.79	
-0.71	-2.71	-1.04	-8.36	-10.64	-7.79	
-0.83	-2.80	-1.11	-8.48	-10.73	-7.80	
-0.94	-2.89	-1.18	-8.60	-10.83	-7.80	
-1.05	-2.98	-1.24	-8.73	-10.93	-7.82	
-1.15	-3.06	-1.31	-8.86	-11.03	-7.84	
-1.26	-3.14	-1.38	-8.99	-11.13	-7.86	
-1.37	-3.22	-1.44	-9.12	-11.24	-7.89	
-1.48	-3.30	-1.51	-9.25	-11.34	-7.92	
-1.60	-3.38	-1.58	-9.38	-11.45	-7.95	
-1.71	-3.46	-1.64	-9.52	-11.55	-7.99	
-1.83	-3.54	-1.70	-9.65	-11.65	-8.02	
-1.94	-3.61	-1.76	-9.78	-11.75	-8.06	
-2.05	-3.68	-1.82	-9.92	-11.85	-8.10	
-2.16	-3.75	-1.87	-10.05	-11.95	-8.15	
-2.27	-3.83	-1.92	-10.18	-12.05	-8.19	
-2.38	-3.90	-1.98	-10.31	-12.15	-8.25	
-2.50	-3.98	-2.04	-10.43	-12.25	-8.30	
-2.63	-4.07	-2.10	-10.56	-12.35	-8.36	
-2.77	-4.17	-2.18	-10.68	-12.45	-8.43	
-2.91	-4.27	-2.25	-10.81	-12.55	-8.49	
-3.06	-4.38	-2.33	-10.92	-12.65	-8.55	
-3.21	-4.49	-2.41	-11.04	-12.74	-8.61	
-3.35	-4.60	-2.48	-11.14	-12.82	-8.66	
-3.50	-4.71	-2.56	-11.23	-12.89	-8.71	
-3.64	-4.83	-2.64	-11.32	-12.96	-8.76	
-3.78	-4.93	-2.71	-11.40	-13.02	-8.81	
-3.91	-5.04	-2.78	-11.47	-13.08	-8.86	
-4.03	-5.13	-2.84	-11.55	-13.14	-8.90	
-4.13	-5.22	-2.91	-11.62	-13.20	-8.95	
-4.23	-5.31	-2.97	-11.69	-13.26	-9.00	
-4.32	-5.39	-3.02	-11.75	-13.33	-9.05	
-4.41	-5.46	-3.07	-11.82	-13.39	-9.10	
-4.48	-5.53	-3.12	-11.88	-13.44	-9.15	
-4.54	-5.58	-3.16	-11.93	-13.49	-9.20	
-4.59	-5.63	-3.19	-11.98	-13.54	-9.24	
-4.62	-5.67	-3.22	-12.03	-13.57	-9.28	
-4.64	-5.70	-3.24	-12.08	-13.61	-9.32	
-4.64	-5.71	-3.25	-12.12	-13.63	-9.36	
-4.62	-5.70	-3.25	-12.16	-13.66	-9.39	
-4.59	-5.69	-3.24	-12.19	-13.67	-9.41	
-4.55	-5.66	-3.22	-12.22	-13.69	-9.43	
-4.49	-5.62	-3.20	-12.25	-13.69	-9.46	
-4.42	-5.58	-3.17	-12.27	-13.70	-9.48	
-4.34	-5.52	-3.14	-12.30	-13.71	-9.50	
-4.26	-5.47	-3.10	-12.32	-13.72	-9.52	
-4.17	-5.41	-3.07	-12.35	-13.72	-9.54	
-4.08	-5.35	-3.04	-12.38	-13.73	-9.56	
-3.99	-5.29	-3.00	-12.40	-13.73	-9.58	
-3.91	-5.23	-2.97	-12.43	-13.73	-9.61	
-3.82	-5.17	-2.94	-12.46	-13.74	-9.63	
-3.74	-5.12	-2.92	-12.49	-13.74	-9.65	
-3.67	-5.08	-2.90	-12.52	-13.75	-9.66	
-3.60	-5.04	-2.88	-12.55	-13.75	-9.67	
-3.54	-5.00	-2.87	-12.58	-13.76	-9.68	
-3.48	-4.98	-2.86	-12.61	-13.77	-9.69	
-3.43	-4.95	-2.86	-12.65	-13.78	-9.69	
-3.39	-4.93	-2.86	-12.68	-13.78	-9.69	
-3.36	-4.92	-2.86	-12.72	-13.79	-9.69	
-3.33	-4.92	-2.87	-12.75	-13.79	-9.69	
-3.32	-4.92	-2.88	-12.79	-13.79	-9.69	
-3.31	-4.93	-2.89	-12.82	-13.79	-9.69	
-3.32	-4.95	-2.92	-12.85	-13.79	-9.68	
-3.34	-4.98	-2.94	-12.89	-13.79	-9.68	
-3.36	-5.01	-2.97	-12.91	-13.78	-9.67	
-3.40	-5.05	-3.00	-12.94	-13.77	-9.65	
-3.44	-5.09	-3.04	-12.95	-13.75	-9.63	
-3.49	-5.14	-3.07	-12.97	-13.73	-9.61	
-3.54	-5.18	-3.11	-12.97	-13.70	-9.58	
-3.58	-5.22	-3.14	-12.97	-13.66	-9.55	
-3.63	-5.26	-3.17	-12.97	-13.61	-9.51	
-3.67	-5.30	-3.20	-12.97	-13.56	-9.47	
-3.71	-5.33	-3.23	-12.97	-13.52	-9.44	
-3.76	-5.36	-3.26	-12.97	-13.48	-9.42	
-3.80	-5.40	-3.29	-12.98	-13.44	-9.41	
-3.84	-5.43	-3.32	-13.00	-13.42	-9.41	
-3.89	-5.46	-3.34	-13.02	-13.40	-9.42	
-3.93	-5.49	-3.37	-13.05	-13.39	-9.44	
-3.97	-5.52	-3.39	-13.09	-13.39	-9.47	
-4.00	-5.54	-3.41	-13.13	-13.38	-9.50	
-4.03	-5.55	-3.43	-13.16	-13.38	-9.53	
-4.05	-5.56	-3.45	-13.20	-13.37	-9.55	
-4.07	-5.57	-3.46	-13.22	-13.36	-9.58	
-4.09	-5.56	-3.47	-13.24	-13.34	-9.61	
-4.09	-5.55	-3.48	-13.26	-13.33	-9.63	
-4.09	-5.54	-3.48	-13.28	-13.31	-9.66	
-4.08	-5.52	-3.48	-13.29	-13.29	-9.69	
-4.07	-5.49	-3.47	-13.30	-13.27	-9.72	
-4.05	-5.46	-3.46	-13.31	-13.26	-9.75	
-4.03	-5.42	-3.45	-13.31	-13.25	-9.79	
-4.01	-5.38	-3.43	-13.32	-13.24	-9.83	
-3.99	-5.34	-3.41	-13.33	-13.23	-9.88	
-3.97	-5.30	-3.40	-13.34	-13.22	-9.93	
-3.94	-5.26	-3.38	-13.34	-13.21	-9.98	
-3.92	-5.22	-3.36	-13.34	-13.19	-10.03	
-3.89	-5.18	-3.34	-13.33	-13.17	-10.07	
-3.86	-5.13	-3.33	-13.31	-13.15	-10.10	
-3.83	-5.09	-3.32	-13.28	-13.12	-10.13	
-3.81	-5.06	-3.31	-13.24	-13.08	-10.16	
-3.79	-5.02	-3.30	-13.19	-13.04	-10.18	
-3.78	-4.99	-3.29	-13.13	-12.99	-10.20	
-3.76	-4.97	-3.29	-13.06	-12.93	-10.21	
-3.75	-4.94	-3.28	-12.99	-12.87	-10.22	
-3.74	-4.92	-3.28	-12.90	-12.81	-10.23	
-3.73	-4.90	-3.28	-12.82	-12.74	-10.24	
-3.72	-4.88	-3.27	-12.72	-12.67	-10.25	
-3.71	-4.86	-3.27	-12.63	-12.60	-10.27	
-3.70	-4.84	-3.26	-12.53	-12.53	-10.28	
-3.69	-4.81	-3.25	-12.44	-12.46	-10.30	
-3.67	-4.79	-3.24	-12.35	-12.40	-10.32	
-3.65	-4.76	-3.22	-12.26	-12.34	-10.34	
-3.62	-4.72	-3.20	-12.17	-12.29	-10.37	
-3.59	-4.68	-3.18	-12.08	-12.23	-10.40	
-3.56	-4.64	-3.16	-11.99	-12.17	-10.43	
-3.52	-4.59	-3.13	-11.90	-12.10	-10.45	
-3.48	-4.54	-3.10	-11.81	-12.04	-10.48	
-3.43	-4.49	-3.07	-11.72	-11.97	-10.50	
-3.38	-4.44	-3.03	-11.63	-11.89	-10.53	
-3.33	-4.38	-2.99	-11.55	-11.82	-10.55	
-3.28	-4.32	-2.96	-11.46	-11.75	-10.57	
-3.22	-4.26	-2.92	-11.37	-11.68	-10.58	
-3.16	-4.19	-2.88	-11.29	-11.61	-10.59	
-3.10	-4.12	-2.84	-11.22	-11.54	-10.60	
-3.03	-4.04	-2.80	-11.15	-11.47	-10.61	
-2.95	-3.97	-2.75	-11.10	-11.42	-10.63	
-2.87	-3.88	-2.70	-11.06	-11.37	-10.65	
-2.79	-3.79	-2.65	-11.04	-11.33	-10.67	
-2.70	-3.71	-2.59	-11.02	-11.28	-10.69	
-2.61	-3.62	-2.54	-11.01	-11.24	-10.71	
-2.53	-3.53	-2.49	-11.00	-11.20	-10.71	
-2.45	-3.45	-2.44	-11.00	-11.15	-10.71	
-2.38	-3.37	-2.39	-11.00	-11.11	-10.71	
-2.32	-3.30	-2.35	-11.01	-11.06	-10.70	
-2.25	-3.24	-2.31	-11.03	-11.02	-10.69	
-2.20	-3.18	-2.27	-11.05	-10.98	-10.68	
-2.14	-3.12	-2.23	-11.09	-10.95	-10.66	
-2.09	-3.07	-2.20	-11.13	-10.92	-10.65	
-2.05	-3.02	-2.16	-11.18	-10.89	-10.63	
-2.01	-2.97	-2.13	-11.23	-10.86	-10.60	
-1.98	-2.94	-2.11	-11.29	-10.83	-10.57	
-1.96	-2.90	-2.09	-11.34	-10.79	-10.54	
-1.94	-2.88	-2.07	-11.38	-10.74	-10.49	
-1.93	-2.85	-2.05	-11.43	-10.69	-10.44	
-1.92	-2.83	-2.03	-11.47	-10.64	-10.38	
-1.92	-2.81	-2.01	-11.51	-10.58	-10.31	
-1.91	-2.79	-1.99	-11.55	-10.52	-10.24	
-1.91	-2.78	-1.97	-11.58	-10.45	-10.15	
-1.92	-2.77	-1.95	-11.61	-10.37	-10.07	
-1.93	-2.76	-1.94	-11.64	-10.29	-9.98	
-1.94	-2.75	-1.92	-11.67	-10.21	-9.88	
-1.95	-2.74	-1.90	-11.69	-10.12	-9.78	
-1.96	-2.73	-1.89	-11.71	-10.03	-9.68	
-1.96	-2.71	-1.87	-11.73	-9.94	-9.58	
-1.97	-2.70	-1.85	-11.74	-9.84	-9.48	
-1.97	-2.68	-1.84	-11.74	-9.74	-9.37	
-1.98	-2.67	-1.82	-11.75	-9.64	-9.27	
-1.98	-2.65	-1.81	-11.74	-9.54	-9.16	
-1.99	-2.64	-1.79	-11.73	-9.43	-9.05	
-1.99	-2.62	-1.77	-11.72	-9.32	-8.95	
-1.99	-2.60	-1.75	-11.71	-9.22	-8.85	
-1.99	-2.58	-1.74	-11.69	-9.12	-8.75	
-1.99	-2.56	-1.71	-11.68	-9.02	-8.67	
-1.98	-2.52	-1.69	-11.67	-8.92	-8.58	
-1.96	-2.49	-1.66	-11.66	-8.83	-8.51	
-1.94	-2.44	-1.63	-11.64	-8.75	-8.43	
-1.91	-2.40	-1.60	-11.62	-8.66	-8.36	
-1.89	-2.35	-1.56	-11.60	-8.59	-8.30	
-1.85	-2.30	-1.53	-11.57	-8.51	-8.23	
-1.82	-2.25	-1.50	-11.54	-8.43	-8.16	
-1.79	-2.20	-1.46	-11.49	-8.35	-8.09	
-1.76	-2.16	-1.43	-11.42	-8.26	-8.01	
-1.74	-2.12	-1.41	-11.34	-8.17	-7.93	
-1.72	-2.08	-1.38	-11.25	-8.07	-7.84	
-1.70	-2.05	-1.36	-11.15	-7.98	-7.76	
-1.69	-2.02	-1.33	-11.03	-7.88	-7.67	
-1.68	-1.99	-1.31	-10.91	-7.78	-7.59	
-1.66	-1.96	-1.29	-10.78	-7.69	-7.51	
-1.65	-1.93	-1.26	-10.65	-7.59	-7.42	
-1.64	-1.91	-1.24	-10.50	-7.50	-7.34	
-1.64	-1.89	-1.22	-10.35	-7.41	-7.25	
-1.63	-1.87	-1.19	-10.19	-7.32	-7.16	
-1.63	-1.86	-1.17	-10.02	-7.22	-7.06	
-1.64	-1.85	-1.15	-9.84	-7.11	-6.96	
-1.65	-1.84	-1.13	-9.65	-7.00	-6.85	
-1.66	-1.84	-1.11	-9.46	-6.89	-6.74	
-1.68	-1.84	-1.09	-9.27	-6.79	-6.64	
-1.70	-1.85	-1.07	-9.07	-6.68	-6.53	
-1.73	-1.85	-1.05	-8.88	-6.59	-6.44	
-1.76	-1.87	-1.03	-8.69	-6.49	-6.34	
-1.80	-1.89	-1.01	-8.51	-6.41	-6.25	
-1.83	-1.91	-1.00	-8.33	-6.33	-6.17	
-1.87	-1.93	-0.98	-8.16	-6.26	-6.10	
-1.90	-1.95	-0.97	-7.99	-6.19	-6.03	
-1.94	-1.97	-0.95	-7.82	-6.13	-5.96	
-1.97	-1.98	-0.94	-7.66	-6.07	-5.90	
-2.00	-2.00	-0.92	-7.49	-6.00	-5.83	
-2.02	-2.01	-0.90	-7.31	-5.93	-5.76	
-2.04	-2.02	-0.88	-7.12	-5.84	-5.68	
-2.07	-2.02	-0.86	-6.93	-5.75	-5.60	
-2.09	-2.03	-0.83	-6.72	-5.65	-5.50	
-2.11	-2.04	-0.81	-6.52	-5.55	-5.40	
-2.12	-2.04	-0.79	-6.31	-5.45	-5.30	
-2.14	-2.05	-0.77	-6.11	-5.35	-5.20	
-2.14	-2.05	-0.76	-5.92	-5.26	-5.10	
-2.15	-2.05	-0.74	-5.73	-5.18	-5.02	
-2.15	-2.05	-0.73	-5.56	-5.10	-4.94	
-2.15	-2.04	-0.71	-5.40	-5.03	-4.87	
-2.14	-2.03	-0.70	-5.25	-4.98	-4.81	
-2.13	-2.02	-0.70	-5.11	-4.93	-4.77	
-2.12	-2.01	-0.69	-4.99	-4.89	-4.73	
-2.10	-2.00	-0.69	-4.88	-4.86	-4.69	
-2.09	-2.00	-0.69	-4.77	-4.84	-4.67	
-2.07	-2.00	-0.70	-4.67	-4.82	-4.64	
-2.06	-2.00	-0.71	-4.58	-4.81	-4.62	
-2.06	-2.01	-0.73	-4.49	-4.80	-4.60	
-2.05	-2.02	-0.75	-4.41	-4.80	-4.58	
-2.04	-2.03	-0.77	-4.34	-4.80	-4.57	
-2.03	-2.05	-0.79	-4.28	-4.81	-4.56	
-2.01	-2.06	-0.81	-4.23	-4.82	-4.55	
-2.00	-2.07	-0.83	-4.19	-4.85	-4.56	
-1.98	-2.08	-0.85	-4.17	-4.89	-4.57	
-1.97	-2.10	-0.88	-4.15	-4.93	-4.59	
-1.97	-2.13	-0.91	-4.14	-4.98	-4.61	
-1.97	-2.16	-0.94	-4.14	-5.04	-4.64	
-1.98	-2.19	-0.98	-4.14	-5.10	-4.67	
-1.99	-2.23	-1.02	-4.15	-5.16	-4.69	
-2.00	-2.28	-1.06	-4.16	-5.22	-4.71	
-2.02	-2.33	-1.10	-4.16	-5.27	-4.73	
-2.05	-2.38	-1.14	-4.16	-5.32	-4.73	
-2.07	-2.44	-1.19	-4.16	-5.36	-4.74	
-2.10	-2.49	-1.23	-4.15	-5.40	-4.74	
-2.12	-2.55	-1.27	-4.15	-5.44	-4.73	
-2.15	-2.60	-1.31	-4.16	-5.49	-4.73	
-2.17	-2.65	-1.35	-4.17	-5.53	-4.72	
-2.19	-2.70	-1.38	-4.18	-5.58	-4.72	
-2.21	-2.75	-1.42	-4.20	-5.63	-4.72	
-2.23	-2.79	-1.45	-4.22	-5.69	-4.72	
-2.25	-2.84	-1.48	-4.25	-5.76	-4.73	
-2.27	-2.88	-1.50	-4.29	-5.83	-4.75	
-2.28	-2.92	-1.52	-4.33	-5.90	-4.78	
-2.30	-2.96	-1.55	-4.37	-5.99	-4.81	
-2.31	-2.99	-1.57	-4.43	-6.08	-4.86	
-2.33	-3.03	-1.59	-4.49	-6.18	-4.92	
-2.34	-3.06	-1.61	-4.56	-6.29	-4.98	
-2.36	-3.09	-1.63	-4.64	-6.41	-5.05	
-2.37	-3.12	-1.65	-4.72	-6.53	-5.13	
-2.39	-3.15	-1.68	-4.81	-6.66	-5.22	
-2.40	-3.18	-1.71	-4.90	-6.79	-5.30	
-2.42	-3.20	-1.73	-4.99	-6.92	-5.39	
-2.43	-3.23	-1.76	-5.08	-7.05	-5.48	
-2.44	-3.25	-1.78	-5.17	-7.18	-5.56	
-2.46	-3.27	-1.80	-5.27	-7.31	-5.65	
-2.47	-3.28	-1.82	-5.36	-7.44	-5.74	
-2.48	-3.30	-1.84	-5.46	-7.57	-5.83	
-2.49	-3.31	-1.86	-5.56	-7.71	-5.93	
-2.51	-3.33	-1.87	-5.67	-7.85	-6.03	
-2.52	-3.34	-1.88	-5.78	-7.99	-6.13	
-2.54	-3.35	-1.89	-5.90	-8.14	-6.24	
-2.56	-3.36	-1.91	-6.02	-8.29	-6.35	
-2.57	-3.37	-1.92	-6.13	-8.43	-6.46	
-2.59	-3.38	-1.93	-6.25	-8.57	-6.56	
-2.61	-3.39	-1.94	-6.35	-8.70	-6.65	
-2.63	-3.40	-1.95	-6.45	-8.83	-6.74	
-2.65	-3.40	-1.96	-6.55	-8.94	-6.83	
-2.67	-3.41	-1.97	-6.64	-9.05	-6.91	
-2.70	-3.42	-1.97	-6.73	-9.16	-6.99	
-2.72	-3.42	-1.97	-6.83	-9.27	-7.08	
-2.74	-3.42	-1.97	-6.93	-9.39	-7.17	
-2.77	-3.42	-1.96	-7.04	-9.52	-7.27	
-2.79	-3.42	-1.95	-7.16	-9.65	-7.38	
-2.81	-3.42	-1.94	-7.29	-9.78	-7.49	
-2.84	-3.42	-1.92	-7.42	-9.92	-7.61	
-2.86	-3.41	-1.90	-7.55	-10.06	-7.73	
-2.88	-3.40	-1.88	-7.67	-10.20	-7.84	
-2.89	-3.39	-1.86	-7.79	-10.33	-7.96	
-2.91	-3.38	-1.85	-7.91	-10.46	-8.07	
-2.92	-3.37	-1.83	-8.02	-10.57	-8.18	
-2.94	-3.36	-1.82	-8.13	-10.69	-8.28	
-2.96	-3.35	-1.81	-8.23	-10.79	-8.37	
-2.97	-3.35	-1.80	-8.32	-10.89	-8.46	
-2.99	-3.34	-1.79	-8.41	-10.99	-8.55	
-3.01	-3.34	-1.79	-8.49	-11.08	-8.64	
-3.03	-3.33	-1.79	-8.57	-11.17	-8.72	
-3.04	-3.33	-1.78	-8.65	-11.26	-8.79	
-3.05	-3.32	-1.78	-8.73	-11.35	-8.86	
-3.05	-3.31	-1.78	-8.80	-11.43	-8.93	
-3.05	-3.30	-1.79	-8.87	-11.50	-8.99	
-3.04	-3.28	-1.79	-8.94	-11.57	-9.05	
-3.03	-3.26	-1.79	-9.01	-11.64	-9.11	
-3.02	-3.24	-1.79	-9.08	-11.72	-9.17	
-2.99	-3.21	-1.78	-9.15	-11.79	-9.23	
-2.97	-3.18	-1.78	-9.23	-11.87	-9.30	
-2.94	-3.15	-1.78	-9.31	-11.95	-9.36	
-2.91	-3.13	-1.78	-9.38	-12.03	-9.41	
-2.88	-3.10	-1.79	-9.46	-12.10	-9.47	
-2.85	-3.08	-1.79	-9.53	-12.17	-9.53	
-2.82	-3.06	-1.79	-9.62	-12.25	-9.59	
-2.79	-3.03	-1.79	-9.71	-12.33	-9.66	
-2.76	-3.01	-1.79	-9.80	-12.42	-9.74	
-2.72	-2.98	-1.78	-9.90	-12.50	-9.81	
-2.68	-2.94	-1.78	-10.01	-12.60	-9.89	
-2.63	-2.90	-1.77	-10.11	-12.69	-9.97	
-2.59	-2.87	-1.75	-10.21	-12.77	-10.04	
-2.54	-2.83	-1.74	-10.30	-12.85	-10.11	
-2.50	-2.79	-1.73	-10.38	-12.91	-10.16	
-2.46	-2.76	-1.72	-10.44	-12.96	-10.20	
-2.42	-2.73	-1.70	-10.49	-13.00	-10.24	
-2.39	-2.70	-1.69	-10.54	-13.03	-10.26	
-2.35	-2.67	-1.68	-10.58	-13.05	-10.28	
-2.32	-2.65	-1.66	-10.62	-13.07	-10.30	
-2.29	-2.62	-1.65	-10.66	-13.08	-10.32	
-2.27	-2.60	-1.64	-10.69	-13.10	-10.35	
-2.24	-2.58	-1.63	-10.73	-13.11	-10.37	
-2.21	-2.56	-1.61	-10.76	-13.13	-10.39	
-2.18	-2.53	-1.59	-10.80	-13.14	-10.41	
-2.14	-2.50	-1.57	-10.83	-13.16	-10.43	
-2.09	-2.46	-1.55	-10.86	-13.18	-10.45	
-2.05	-2.42	-1.52	-10.89	-13.19	-10.47	
-2.00	-2.37	-1.49	-10.92	-13.19	-10.48	
-1.94	-2.32	-1.45	-10.94	-13.19	-10.50	
-1.89	-2.27	-1.42	-10.95	-13.19	-10.51	
-1.83	-2.22	-1.38	-10.97	-13.18	-10.52	
-1.78	-2.16	-1.34	-10.98	-13.17	-10.53	
-1.72	-2.10	-1.29	-11.00	-13.17	-10.54	
-1.66	-2.04	-1.25	-11.02	-13.16	-10.56	
-1.59	-1.97	-1.20	-11.04	-13.16	-10.57	
-1.53	-1.90	-1.15	-11.06	-13.17	-10.59	
-1.46	-1.83	-1.10	-11.08	-13.17	-10.60	
-1.38	-1.75	-1.05	-11.10	-13.17	-10.61	
-1.30	-1.66	-0.99	-11.11	-13.16	-10.62	
-1.22	-1.58	-0.93	-11.13	-13.16	-10.63	
-1.14	-1.49	-0.87	-11.15	-13.15	-10.64	
-1.05	-1.39	-0.80	-11.17	-13.14	-10.65	
-0.96	-1.30	-0.74	-11.18	-13.12	-10.66	
-0.87	-1.20	-0.67	-11.21	-13.12	-10.67	
-0.78	-1.10	-0.60	-11.23	-13.12	-10.68	
-0.69	-1.00	-0.53	-11.27	-13.12	-10.70	
-0.60	-0.90	-0.45	-11.31	-13.14	-10.74	
-0.51	-0.80	-0.37	-11.37	-13.17	-10.77	
-0.42	-0.70	-0.29	-11.43	-13.20	-10.82	
-0.32	-0.59	-0.20	-11.50	-13.24	-10.86	
-0.22	-0.48	-0.11	-11.57	-13.28	-10.90	
-0.12	-0.37	-0.02	-11.64	-13.32	-10.94	
-0.02	-0.26	0.07	-11.71	-13.35	-10.98	
0.08	-0.15	0.17	-11.77	-13.38	-11.02	
0.18	-0.04	0.27	-11.83	-13.41	-11.05	
0.27	0.07	0.36	-11.89	-13.43	-11.08	
0.36	0.17	0.45	-11.95	-13.46	-11.11	
0.45	0.26	0.54	-12.01	-13.49	-11.13	
0.53	0.35	0.63	-12.07	-13.52	-11.16	
0.60	0.43	0.71	-12.13	-13.54	-11.19	
0.66	0.50	0.79	-12.19	-13.57	-11.21	
0.72	0.57	0.86	-12.24	-13.59	-11.24	
0.77	0.63	0.93	-12.30	-13.61	-11.26	
0.82	0.69	0.99	-12.35	-13.63	-11.29	
0.87	0.75	1.06	-12.40	-13.65	-11.31	
0.93	0.81	1.12	-12.45	-13.67	-11.34	
0.98	0.86	1.18	-12.51	-13.70	-11.37	
1.03	0.92	1.24	-12.56	-13.72	-11.41	
1.08	0.98	1.29	-12.62	-13.75	-11.44	
1.12	1.03	1.35	-12.67	-13.77	-11.47	
1.17	1.08	1.40	-12.72	-13.79	-11.49	
1.21	1.13	1.46	-12.76	-13.81	-11.51	
1.25	1.19	1.51	-12.79	-13.82	-11.53	
1.29	1.24	1.56	-12.83	-13.83	-11.55	
1.33	1.29	1.61	-12.87	-13.84	-11.56	
1.38	1.35	1.66	-12.91	-13.85	-11.58	
1.43	1.41	1.72	-12.96	-13.86	-11.59	
1.48	1.47	1.77	-13.01	-13.87	-11.61	
1.52	1.52	1.81	-13.05	-13.89	-11.63	
1.57	1.58	1.86	-13.10	-13.90	-11.64	
1.61	1.63	1.90	-13.14	-13.90	-11.65	
1.66	1.69	1.93	-13.17	-13.91	-11.65	
1.70	1.74	1.97	-13.20	-13.90	-11.64	
1.74	1.80	2.00	-13.22	-13.89	-11.63	
1.79	1.85	2.03	-13.23	-13.87	-11.62	
1.83	1.90	2.06	-13.25	-13.86	-11.61	
1.86	1.95	2.09	-13.26	-13.84	-11.60	
1.90	1.99	2.11	-13.28	-13.82	-11.59	
1.93	2.03	2.14	-13.30	-13.80	-11.58	
1.95	2.07	2.16	-13.33	-13.79	-11.58	
1.98	2.11	2.18	-13.36	-13.79	-11.58	
2.00	2.14	2.19	-13.39	-13.79	-11.58	
2.02	2.18	2.21	-13.42	-13.79	-11.58	
2.04	2.21	2.22	-13.45	-13.78	-11.58	
2.06	2.25	2.24	-13.47	-13.77	-11.57	
2.09	2.29	2.26	-13.48	-13.76	-11.55	
2.11	2.32	2.28	-13.48	-13.73	-11.54	
2.13	2.36	2.30	-13.48	-13.70	-11.52	
2.15	2.40	2.33	-13.47	-13.67	-11.49	
2.18	2.44	2.36	-13.46	-13.63	-11.47	
2.20	2.48	2.39	-13.45	-13.60	-11.45	
2.22	2.53	2.42	-13.43	-13.56	-11.43	
2.25	2.57	2.45	-13.40	-13.52	-11.40	
2.27	2.61	2.49	-13.36	-13.47	-11.37	
2.29	2.65	2.52	-13.32	-13.42	-11.33	
2.31	2.68	2.55	-13.27	-13.37	-11.29	
2.34	2.72	2.58	-13.22	-13.31	-11.25	
2.36	2.76	2.61	-13.15	-13.24	-11.20	
2.39	2.80	2.64	-13.09	-13.17	-11.15	
2.41	2.84	2.67	-13.01	-13.09	-11.09	
2.44	2.87	2.70	-12.92	-13.00	-11.03	
2.46	2.91	2.72	-12.83	-12.91	-10.96	
2.49	2.94	2.75	-12.72	-12.81	-10.88	
2.51	2.98	2.78	-12.61	-12.71	-10.80	
2.53	3.00	2.80	-12.50	-12.60	-10.72	
2.54	3.03	2.81	-12.38	-12.51	-10.64	
2.56	3.06	2.83	-12.28	-12.42	-10.57	
2.57	3.08	2.84	-12.17	-12.33	-10.50	
2.58	3.10	2.85	-12.07	-12.25	-10.44	
2.59	3.12	2.85	-11.97	-12.17	-10.38	
2.61	3.14	2.86	-11.87	-12.10	-10.33	
2.63	3.17	2.86	-11.78	-12.03	-10.29	
2.65	3.20	2.87	-11.69	-11.96	-10.25	
2.68	3.23	2.88	-11.61	-11.91	-10.21	
2.71	3.27	2.90	-11.54	-11.86	-10.19	
2.74	3.31	2.91	-11.48	-11.82	-10.17	
2.77	3.34	2.93	-11.42	-11.79	-10.16	
2.80	3.37	2.94	-11.37	-11.76	-10.15	
2.82	3.40	2.96	-11.33	-11.74	-10.15	
2.85	3.43	2.97	-11.29	-11.73	-10.15	
2.87	3.46	2.98	-11.26	-11.72	-10.16	
2.90	3.48	2.99	-11.24	-11.71	-10.17	
2.92	3.51	3.00	-11.23	-11.71	-10.18	
2.95	3.53	3.00	-11.22	-11.71	-10.20	
2.97	3.55	3.00	-11.21	-11.72	-10.21	
2.99	3.56	3.00	-11.21	-11.73	-10.23	
3.01	3.58	3.00	-11.21	-11.75	-10.26	
3.03	3.58	3.00	-11.21	-11.77	-10.28	
3.04	3.59	3.00	-11.22	-11.79	-10.31	
3.05	3.60	3.00	-11.23	-11.81	-10.33	
3.07	3.60	3.00	-11.24	-11.83	-10.35	
3.08	3.60	3.00	-11.25	-11.85	-10.37	
3.09	3.60	3.00	-11.26	-11.86	-10.39	
3.10	3.60	3.00	-11.26	-11.86	-10.40	
3.11	3.60	3.01	-11.26	-11.86	-10.41	
3.12	3.59	3.01	-11.26	-11.86	-10.41	
3.13	3.59	3.01	-11.26	-11.85	-10.41	
3.15	3.60	3.02	-11.26	-11.85	-10.41	
3.17	3.60	3.03	-11.26	-11.84	-10.42	
3.19	3.60	3.03	-11.26	-11.85	-10.42	
3.21	3.61	3.04	-11.27	-11.85	-10.42	
3.23	3.61	3.05	-11.27	-11.85	-10.43	
3.25	3.62	3.07	-11.27	-11.85	-10.43	
3.27	3.63	3.08	-11.27	-11.84	-10.43	
3.30	3.64	3.10	-11.26	-11.83	-10.43	
3.34	3.66	3.13	-11.25	-11.82	-10.42	
3.38	3.69	3.16	-11.24	-11.80	-10.42	
3.42	3.72	3.19	-11.23	-11.78	-10.40	
3.47	3.75	3.22	-11.20	-11.75	-10.38	
3.52	3.79	3.25	-11.17	-11.71	-10.36	
3.58	3.83	3.29	-11.14	-11.67	-10.33	
3.63	3.87	3.32	-11.10	-11.63	-10.29	
3.69	3.92	3.35	-11.06	-11.59	-10.26	
3.75	3.96	3.38	-11.02	-11.54	-10.22	
3.80	4.01	3.41	-10.98	-11.49	-10.18	
3.86	4.05	3.44	-10.93	-11.45	-10.14	
3.91	4.10	3.47	-10.89	-11.40	-10.10	
3.96	4.14	3.50	-10.84	-11.35	-10.05	
4.00	4.18	3.52	-10.80	-11.29	-10.00	
4.04	4.21	3.54	-10.75	-11.24	-9.95	
4.07	4.24	3.56	-10.69	-11.18	-9.89	
4.11	4.28	3.57	-10.63	-11.12	-9.83	
4.14	4.31	3.59	-10.57	-11.06	-9.76	
4.18	4.34	3.61	-10.50	-10.99	-9.68	
4.21	4.37	3.62	-10.43	-10.92	-9.60	
4.24	4.40	3.64	-10.36	-10.84	-9.52	
4.26	4.43	3.65	-10.29	-10.77	-9.43	
4.27	4.45	3.65	-10.22	-10.69	-9.35	
4.28	4.46	3.66	-10.16	-10.61	-9.27	
4.29	4.47	3.65	-10.09	-10.54	-9.19	
4.28	4.47	3.65	-10.04	-10.48	-9.11	
4.28	4.47	3.65	-9.98	-10.42	-9.04	
4.26	4.46	3.64	-9.93	-10.36	-8.97	
4.25	4.46	3.63	-9.89	-10.31	-8.90	
4.23	4.44	3.62	-9.84	-10.27	-8.84	
4.20	4.43	3.61	-9.80	-10.22	-8.77	
4.18	4.41	3.60	-9.76	-10.17	-8.71	
4.16	4.39	3.59	-9.71	-10.12	-8.65	
4.13	4.38	3.58	-9.66	-10.07	-8.57	
4.11	4.36	3.56	-9.61	-10.01	-8.50	
4.09	4.34	3.54	-9.55	-9.94	-8.42	
4.06	4.32	3.52	-9.48	-9.87	-8.35	
4.03	4.29	3.49	-9.42	-9.80	-8.28	
4.00	4.26	3.46	-9.36	-9.74	-8.21	
3.96	4.22	3.42	-9.29	-9.67	-8.14	
3.92	4.18	3.39	-9.23	-9.61	-8.07	
3.89	4.14	3.35	-9.17	-9.55	-8.01	
3.85	4.10	3.31	-9.11	-9.48	-7.95	
3.82	4.06	3.27	-9.05	-9.42	-7.89	
3.79	4.02	3.23	-9.00	-9.36	-7.83	
3.76	3.98	3.18	-8.95	-9.29	-7.78	
3.74	3.94	3.14	-8.90	-9.23	-7.73	
3.71	3.91	3.09	-8.85	-9.16	-7.68	
3.69	3.87	3.04	-8.80	-9.11	-7.64	
3.66	3.83	2.99	-8.76	-9.05	-7.61	
3.63	3.78	2.93	-8.72	-9.00	-7.57	
3.59	3.73	2.87	-8.68	-8.95	-7.54	
3.55	3.67	2.81	-8.64	-8.89	-7.50	
3.50	3.61	2.73	-8.59	-8.83	-7.46	
3.44	3.53	2.65	-8.54	-8.76	-7.42	
3.38	3.46	2.57	-8.49	-8.68	-7.36	
3.32	3.38	2.49	-8.44	-8.61	-7.31	
3.25	3.31	2.41	-8.39	-8.53	-7.26	
3.20	3.23	2.34	-8.35	-8.46	-7.21	
3.14	3.16	2.26	-8.32	-8.40	-7.16	
3.08	3.08	2.18	-8.30	-8.35	-7.12	
3.01	3.00	2.09	-8.28	-8.30	-7.08	
2.95	2.92	2.01	-8.26	-8.25	-7.04	
2.88	2.84	1.92	-8.24	-8.20	-7.00	
2.81	2.75	1.84	-8.23	-8.16	-6.96	
2.74	2.67	1.76	-8.23	-8.12	-6.93	
2.67	2.59	1.68	-8.23	-8.09	-6.90	
2.60	2.51	1.60	-8.25	-8.06	-6.87	
2.54	2.44	1.53	-8.27	-8.03	-6.85	
2.48	2.36	1.46	-8.29	-8.02	-6.84	
2.42	2.30	1.40	-8.32	-8.01	-6.84	
2.37	2.23	1.34	-8.36	-8.00	-6.84	
2.33	2.18	1.29	-8.40	-8.01	-6.84	
2.30	2.13	1.25	-8.44	-8.01	-6.84	
2.27	2.09	1.21	-8.48	-8.01	-6.84	
2.25	2.06	1.17	-8.51	-8.01	-6.85	
2.23	2.02	1.13	-8.54	-8.00	-6.84	
2.21	1.99	1.09	-8.56	-7.99	-6.84	
2.19	1.96	1.06	-8.57	-7.97	-6.83	
2.17	1.92	1.02	-8.58	-7.94	-6.81	
2.15	1.89	0.98	-8.57	-7.90	-6.79	
2.13	1.85	0.94	-8.56	-7.86	-6.77	
2.12	1.82	0.91	-8.54	-7.81	-6.73	
2.11	1.80	0.88	-8.51	-7.75	-6.69	
2.11	1.78	0.85	-8.47	-7.70	-6.65	
2.11	1.76	0.82	-8.43	-7.63	-6.60	
2.11	1.75	0.81	-8.39	-7.57	-6.54	
2.12	1.75	0.79	-8.34	-7.49	-6.48	
2.14	1.75	0.78	-8.28	-7.42	-6.42	
2.16	1.75	0.77	-8.23	-7.34	-6.37	
2.18	1.76	0.76	-8.19	-7.27	-6.32	
2.20	1.77	0.75	-8.14	-7.20	-6.27	
2.22	1.78	0.74	-8.11	-7.14	-6.22	
2.25	1.79	0.74	-8.07	-7.08	-6.19	
2.27	1.80	0.74	-8.04	-7.03	-6.15	
2.29	1.81	0.73	-8.02	-6.98	-6.12	
2.30	1.82	0.73	-8.01	-6.95	-6.10	
2.32	1.82	0.73	-8.01	-6.92	-6.09	
2.33	1.83	0.73	-8.02	-6.90	-6.08	
2.34	1.84	0.73	-8.04	-6.90	-6.08	
2.35	1.84	0.73	-8.07	-6.89	-6.09	
2.36	1.84	0.73	-8.11	-6.90	-6.10	
2.35	1.84	0.72	-8.15	-6.90	-6.12	
2.35	1.84	0.72	-8.20	-6.92	-6.14	
2.33	1.83	0.71	-8.26	-6.93	-6.16	
2.31	1.81	0.70	-8.32	-6.95	-6.19	
2.29	1.80	0.69	-8.38	-6.98	-6.22	
2.26	1.78	0.69	-8.43	-7.00	-6.25	
2.23	1.76	0.68	-8.49	-7.02	-6.27	
2.19	1.74	0.68	-8.53	-7.03	-6.29	
2.16	1.72	0.69	-8.56	-7.03	-6.29	
2.11	1.70	0.69	-8.58	-7.02	-6.30	
2.07	1.68	0.70	-8.59	-7.01	-6.29	
2.03	1.66	0.70	-8.59	-6.99	-6.29	
1.99	1.64	0.72	-8.59	-6.97	-6.28	
1.95	1.63	0.73	-8.57	-6.95	-6.28	
1.92	1.62	0.74	-8.55	-6.93	-6.27	
1.88	1.61	0.76	-8.52	-6.91	-6.27	
1.85	1.60	0.78	-8.48	-6.88	-6.26	
1.81	1.59	0.79	-8.43	-6.85	-6.25	
1.77	1.58	0.81	-8.36	-6.82	-6.23	
1.73	1.57	0.82	-8.29	-6.78	-6.21	
1.69	1.56	0.84	-8.20	-6.73	-6.18	
1.65	1.55	0.86	-8.11	-6.68	-6.16	
1.61	1.55	0.87	-8.01	-6.63	-6.13	
1.58	1.54	0.89	-7.89	-6.57	-6.10	
1.54	1.54	0.91	-7.78	-6.51	-6.07	
1.52	1.54	0.93	-7.65	-6.44	-6.04	
1.49	1.55	0.95	-7.52	-6.38	-6.01	
1.47	1.55	0.97	-7.38	-6.32	-5.98	
1.46	1.56	0.99	-7.24	-6.26	-5.94	
1.44	1.57	1.01	-7.08	-6.19	-5.90	
1.43	1.58	1.03	-6.92	-6.11	-5.85	
1.42	1.59	1.05	-6.75	-6.03	-5.80	
1.40	1.60	1.06	-6.57	-5.95	-5.75	
1.38	1.60	1.08	-6.39	-5.86	-5.70	
1.36	1.60	1.09	-6.21	-5.77	-5.64	
1.34	1.60	1.10	-6.02	-5.68	-5.58	
1.32	1.60	1.11	-5.84	-5.60	-5.53	
1.30	1.60	1.12	-5.66	-5.51	-5.47	
1.29	1.60	1.13	-5.48	-5.44	-5.42	
1.27	1.60	1.15	-5.30	-5.36	-5.36	
1.25	1.61	1.16	-5.14	-5.30	-5.31	
1.24	1.60	1.17	-4.97	-5.24	-5.27	
1.22	1.60	1.17	-4.81	-5.18	-5.22	
1.19	1.59	1.18	-4.65	-5.12	-5.18	
1.16	1.58	1.18	-4.49	-5.06	-5.14	
1.13	1.56	1.18	-4.34	-4.99	-5.10	
1.09	1.54	1.18	-4.18	-4.93	-5.05	
1.05	1.52	1.18	-4.03	-4.87	-5.01	
1.00	1.49	1.17	-3.87	-4.81	-4.96	
0.95	1.46	1.16	-3.71	-4.74	-4.91	
0.90	1.42	1.15	-3.55	-4.68	-4.86	
0.85	1.39	1.13	-3.39	-4.61	-4.80	
0.80	1.35	1.12	-3.23	-4.53	-4.73	
0.75	1.32	1.11	-3.07	-4.46	-4.66	
0.71	1.29	1.10	-2.91	-4.38	-4.59	
0.68	1.26	1.09	-2.75	-4.30	-4.52	
0.64	1.24	1.08	-2.60	-4.21	-4.43	
0.61	1.22	1.07	-2.44	-4.11	-4.35	
0.58	1.19	1.06	-2.29	-4.02	-4.27	
0.55	1.17	1.05	-2.14	-3.93	-4.18	
0.53	1.15	1.04	-2.01	-3.85	-4.10	
0.50	1.13	1.03	-1.88	-3.77	-4.03	
0.48	1.11	1.02	-1.77	-3.69	-3.95	
0.46	1.09	1.01	-1.66	-3.62	-3.88	
0.44	1.08	0.99	-1.56	-3.56	-3.81	
0.42	1.06	0.98	-1.47	-3.48	-3.74	
0.41	1.05	0.96	-1.37	-3.41	-3.66	
0.40	1.04	0.95	-1.28	-3.33	-3.58	
0.40	1.03	0.93	-1.19	-3.24	-3.51	
0.39	1.03	0.92	-1.11	-3.16	-3.43	
0.40	1.03	0.91	-1.03	-3.08	-3.35	
0.40	1.03	0.90	-0.95	-3.00	-3.28	
0.41	1.04	0.89	-0.87	-2.91	-3.19	
0.41	1.04	0.88	-0.79	-2.81	-3.10	
0.42	1.04	0.88	-0.71	-2.71	-3.01	
0.42	1.03	0.87	-0.62	-2.61	-2.91	
0.41	1.02	0.85	-0.53	-2.50	-2.80	
0.40	1.01	0.84	-0.44	-2.38	-2.69	
0.40	1.00	0.82	-0.35	-2.25	-2.58	
0.39	0.99	0.81	-0.26	-2.12	-2.45	
0.39	0.98	0.79	-0.17	-1.98	-2.33	
0.38	0.97	0.78	-0.08	-1.85	-2.20	
0.38	0.96	0.76	0.01	-1.71	-2.07	
0.37	0.95	0.75	0.09	-1.57	-1.94	
0.37	0.94	0.74	0.17	-1.44	-1.82	
0.36	0.93	0.73	0.25	-1.31	-1.69	
0.36	0.92	0.73	0.32	-1.18	-1.57	
0.36	0.91	0.72	0.39	-1.06	-1.45	
0.36	0.90	0.72	0.46	-0.93	-1.32	
0.36	0.90	0.73	0.53	-0.79	-1.19	
0.37	0.90	0.74	0.61	-0.65	-1.06	
0.37	0.90	0.75	0.69	-0.51	-0.92	
0.38	0.90	0.76	0.77	-0.37	-0.79	
0.38	0.90	0.76	0.84	-0.23	-0.66	
0.38	0.90	0.77	0.91	-0.09	-0.54	
0.39	0.89	0.77	0.98	0.04	-0.42	
0.39	0.88	0.76	1.06	0.18	-0.30	
0.39	0.87	0.76	1.13	0.31	-0.18	
0.39	0.86	0.75	1.21	0.45	-0.06	
0.39	0.84	0.73	1.29	0.59	0.07	
0.39	0.82	0.72	1.37	0.74	0.19	
0.39	0.80	0.71	1.46	0.88	0.31	
0.39	0.78	0.69	1.54	1.02	0.42	
0.39	0.76	0.68	1.61	1.16	0.53	
0.40	0.75	0.67	1.68	1.28	0.63	
0.42	0.73	0.66	1.75	1.40	0.72	
0.44	0.73	0.65	1.82	1.52	0.82	
0.47	0.73	0.65	1.89	1.64	0.91	
0.50	0.73	0.65	1.97	1.77	1.01	
0.54	0.73	0.65	2.06	1.89	1.11	
0.59	0.74	0.66	2.15	2.02	1.21	
0.63	0.76	0.66	2.24	2.15	1.31	
0.68	0.77	0.67	2.33	2.28	1.41	
0.73	0.79	0.68	2.42	2.41	1.50	
0.79	0.81	0.69	2.50	2.52	1.58	
0.84	0.83	0.70	2.58	2.64	1.66	
0.89	0.85	0.71	2.66	2.74	1.73	
0.95	0.87	0.72	2.73	2.84	1.80	
1.01	0.90	0.74	2.81	2.93	1.86	
1.07	0.93	0.76	2.88	3.02	1.92	
1.14	0.96	0.79	2.95	3.10	1.97	
1.21	1.00	0.81	3.02	3.17	2.03	
1.28	1.04	0.83	3.09	3.24	2.07	
1.35	1.07	0.86	3.17	3.31	2.11	
1.42	1.11	0.88	3.24	3.37	2.15	
1.48	1.14	0.89	3.32	3.44	2.18	
1.54	1.17	0.91	3.40	3.50	2.22	
1.60	1.20	0.92	3.50	3.57	2.26	
1.65	1.22	0.93	3.59	3.63	2.30	
1.70	1.25	0.94	3.70	3.70	2.34	
1.75	1.27	0.95	3.81	3.77	2.38	
1.79	1.28	0.96	3.93	3.84	2.43	
1.83	1.29	0.96	4.06	3.92	2.49	
1.86	1.30	0.96	4.20	4.01	2.54	
1.89	1.31	0.96	4.35	4.09	2.60	
1.91	1.32	0.95	4.50	4.18	2.65	
1.94	1.33	0.95	4.66	4.27	2.71	
1.97	1.35	0.94	4.81	4.35	2.75	
2.00	1.37	0.94	4.96	4.44	2.80	
2.03	1.38	0.93	5.11	4.52	2.84	
2.05	1.40	0.92	5.26	4.60	2.88	
2.08	1.41	0.92	5.42	4.68	2.93	
2.09	1.42	0.90	5.58	4.76	2.97	
2.10	1.43	0.89	5.75	4.84	3.01	
2.11	1.43	0.86	5.91	4.92	3.05	
2.11	1.43	0.84	6.07	4.99	3.08	
2.12	1.43	0.81	6.22	5.07	3.10	
2.12	1.42	0.78	6.38	5.13	3.12	
2.12	1.42	0.75	6.53	5.20	3.13	
2.13	1.42	0.72	6.67	5.26	3.13	
2.13	1.41	0.68	6.82	5.32	3.13	
2.13	1.41	0.65	6.96	5.37	3.13	
2.14	1.41	0.61	7.10	5.43	3.14	
2.14	1.40	0.57	7.24	5.48	3.14	
2.15	1.40	0.54	7.37	5.53	3.14	
2.16	1.40	0.51	7.51	5.58	3.14	
2.17	1.40	0.47	7.64	5.63	3.14	
2.18	1.40	0.44	7.76	5.68	3.14	
2.19	1.40	0.42	7.88	5.73	3.14	
2.20	1.40	0.40	8.00	5.78	3.13	
2.21	1.41	0.38	8.10	5.81	3.12	
2.23	1.42	0.36	8.19	5.84	3.10	
2.26	1.44	0.35	8.26	5.85	3.07	
2.28	1.45	0.34	8.32	5.85	3.03	
2.31	1.47	0.33	8.36	5.83	2.98	
2.33	1.48	0.32	8.40	5.81	2.93	
2.34	1.49	0.31	8.42	5.79	2.87	
2.36	1.50	0.30	8.45	5.76	2.82	
2.37	1.51	0.29	8.47	5.74	2.77	
2.38	1.51	0.28	8.49	5.72	2.72	
2.39	1.52	0.27	8.51	5.70	2.69	
2.39	1.52	0.26	8.53	5.69	2.65	
2.38	1.51	0.24	8.56	5.68	2.62	
2.37	1.50	0.23	8.57	5.66	2.60	
2.36	1.49	0.22	8.59	5.64	2.57	
2.35	1.49	0.21	8.59	5.61	2.53	
2.34	1.48	0.20	8.59	5.58	2.50	
2.33	1.48	0.20	8.58	5.54	2.46	
2.33	1.48	0.21	8.57	5.50	2.43	
2.33	1.49	0.21	8.56	5.46	2.39	
2.32	1.49	0.22	8.54	5.43	2.36	
2.31	1.50	0.22	8.53	5.40	2.34	
2.30	1.50	0.23	8.51	5.38	2.32	
2.29	1.50	0.24	8.50	5.35	2.31	
2.27	1.51	0.25	8.48	5.33	2.29	
2.26	1.51	0.25	8.45	5.30	2.28	
2.24	1.51	0.26	8.42	5.26	2.27	
2.23	1.52	0.27	8.38	5.22	2.26	
2.21	1.52	0.28	8.34	5.18	2.25	
2.20	1.53	0.29	8.29	5.13	2.23	
2.18	1.53	0.30	8.24	5.09	2.22	
2.17	1.54	0.32	8.19	5.04	2.20	
2.16	1.55	0.33	8.13	4.99	2.18	
2.14	1.56	0.34	8.08	4.94	2.16	
2.13	1.57	0.35	8.02	4.89	2.14	
2.11	1.58	0.36	7.96	4.84	2.12	
2.09	1.58	0.36	7.90	4.78	2.10	
2.07	1.58	0.37	7.84	4.73	2.08	
2.04	1.58	0.37	7.78	4.67	2.05	
2.01	1.57	0.37	7.72	4.62	2.04	
1.98	1.57	0.37	7.67	4.57	2.03	
1.96	1.57	0.38	7.63	4.53	2.02	
1.93	1.57	0.38	7.58	4.50	2.02	
1.92	1.58	0.39	7.54	4.47	2.03	
1.90	1.59	0.41	7.51	4.45	2.04	
1.89	1.60	0.42	7.48	4.43	2.05	
1.88	1.62	0.44	7.46	4.42	2.06	
1.88	1.64	0.46	7.43	4.41	2.07	
1.87	1.65	0.49	7.41	4.40	2.09	
1.87	1.67	0.52	7.40	4.39	2.10	
1.86	1.69	0.54	7.38	4.38	2.12	
1.85	1.71	0.57	7.36	4.37	2.13	
1.85	1.72	0.60	7.35	4.36	2.15	
1.83	1.73	0.62	7.33	4.36	2.16	
1.81	1.74	0.64	7.31	4.35	2.18	
1.79	1.74	0.66	7.29	4.35	2.19	
1.76	1.73	0.67	7.27	4.35	2.20	
1.74	1.73	0.69	7.24	4.35	2.21	
1.72	1.73	0.70	7.21	4.34	2.22	
1.70	1.72	0.72	7.18	4.33	2.22	
1.67	1.72	0.73	7.15	4.32	2.22	
1.66	1.71	0.75	7.12	4.31	2.21	
1.64	1.71	0.77	7.08	4.30	2.21	
1.62	1.71	0.79	7.05	4.29	2.19	
1.61	1.71	0.81	7.01	4.27	2.18	
1.60	1.71	0.84	6.97	4.26	2.16	
1.59	1.71	0.86	6.93	4.24	2.14	
1.58	1.71	0.89	6.87	4.22	2.11	
1.57	1.71	0.91	6.81	4.19	2.07	
1.55	1.71	0.93	6.75	4.16	2.02	
1.54	1.70	0.94	6.67	4.12	1.97	
1.52	1.69	0.95	6.60	4.07	1.92	
1.51	1.67	0.96	6.52	4.03	1.87	
1.49	1.66	0.97	6.45	3.99	1.82	
1.48	1.64	0.97	6.38	3.96	1.77	
1.47	1.63	0.98	6.31	3.93	1.74	
1.46	1.62	0.99	6.26	3.91	1.70	
1.44	1.60	1.00	6.21	3.91	1.68	
1.43	1.59	1.01	6.17	3.91	1.66	
1.42	1.57	1.01	6.13	3.91	1.64	
1.41	1.55	1.02	6.10	3.92	1.63	
1.40	1.53	1.03	6.06	3.93	1.62	
1.40	1.51	1.03	6.03	3.94	1.61	
1.39	1.50	1.04	5.99	3.95	1.61	
1.40	1.49	1.05	5.95	3.96	1.60	
1.40	1.47	1.05	5.91	3.96	1.59	
1.40	1.45	1.05	5.88	3.97	1.59	
1.39	1.43	1.04	5.85	3.98	1.59	
1.38	1.40	1.03	5.82	4.00	1.60	
1.37	1.37	1.02	5.81	4.03	1.61	
1.36	1.33	1.00	5.80	4.07	1.63	
1.34	1.29	0.98	5.79	4.10	1.65	
1.33	1.25	0.96	5.78	4.14	1.68	
1.31	1.21	0.94	5.78	4.17	1.70	
1.29	1.17	0.92	5.77	4.20	1.72	
1.27	1.13	0.90	5.76	4.22	1.74	
1.25	1.09	0.88	5.75	4.24	1.76	
1.24	1.05	0.86	5.74	4.26	1.78	
1.23	1.01	0.84	5.73	4.28	1.80	
1.22	0.98	0.82	5.71	4.29	1.81	
1.22	0.95	0.80	5.69	4.29	1.81	
1.21	0.92	0.78	5.65	4.29	1.81	
1.21	0.89	0.76	5.62	4.29	1.80	
1.21	0.86	0.74	5.58	4.28	1.79	
1.21	0.82	0.71	5.55	4.27	1.79	
1.20	0.79	0.68	5.52	4.27	1.79	
1.21	0.76	0.65	5.49	4.27	1.79	
1.21	0.73	0.63	5.48	4.27	1.81	
1.23	0.70	0.60	5.47	4.28	1.83	
1.25	0.68	0.57	5.47	4.29	1.86	
1.27	0.67	0.55	5.47	4.32	1.89	
1.30	0.65	0.53	5.49	4.35	1.93	
1.34	0.64	0.50	5.51	4.38	1.96	
1.37	0.63	0.48	5.53	4.41	2.00	
1.41	0.61	0.45	5.55	4.44	2.02	
1.45	0.60	0.42	5.56	4.47	2.05	
1.50	0.59	0.39	5.58	4.49	2.07	
1.54	0.59	0.36	5.60	4.51	2.09	
1.58	0.57	0.33	5.62	4.53	2.11	
1.63	0.56	0.30	5.64	4.55	2.13	
1.67	0.55	0.27	5.67	4.58	2.15	
1.71	0.54	0.24	5.70	4.60	2.17	
1.76	0.53	0.22	5.73	4.63	2.18	
1.81	0.53	0.21	5.76	4.66	2.20	
1.87	0.54	0.20	5.79	4.68	2.21	
1.94	0.55	0.20	5.82	4.71	2.23	
2.02	0.57	0.20	5.85	4.73	2.25	
2.09	0.59	0.21	5.89	4.76	2.27	
2.17	0.62	0.23	5.94	4.79	2.29	
2.25	0.64	0.25	5.99	4.83	2.32	
2.32	0.66	0.26	6.06	4.88	2.37	
2.40	0.68	0.28	6.12	4.93	2.41	
2.47	0.70	0.31	6.20	4.98	2.47	
2.54	0.72	0.33	6.27	5.05	2.53	
2.62	0.74	0.36	6.35	5.11	2.59	
2.69	0.77	0.39	6.43	5.18	2.65	
2.76	0.79	0.42	6.50	5.25	2.71	
2.82	0.81	0.44	6.57	5.32	2.77	
2.89	0.82	0.47	6.64	5.39	2.83	
2.95	0.84	0.50	6.71	5.45	2.88	
3.01	0.86	0.52	6.77	5.51	2.94	
3.07	0.88	0.54	6.83	5.57	2.99	
3.12	0.90	0.56	6.88	5.62	3.04	
3.18	0.91	0.59	6.94	5.68	3.10	
3.23	0.93	0.61	7.00	5.74	3.15	
3.27	0.95	0.63	7.07	5.81	3.21	
3.32	0.96	0.65	7.13	5.88	3.26	
3.36	0.97	0.68	7.19	5.95	3.32	
3.40	0.99	0.70	7.26	6.03	3.38	
3.43	1.00	0.72	7.32	6.10	3.45	
3.47	1.02	0.73	7.38	6.18	3.51	
3.50	1.03	0.75	7.43	6.25	3.57	
3.53	1.04	0.77	7.49	6.32	3.64	
3.56	1.05	0.78	7.55	6.38	3.71	
3.58	1.06	0.79	7.61	6.45	3.77	
3.60	1.07	0.80	7.66	6.52	3.83	
3.62	1.08	0.81	7.72	6.59	3.89	
3.64	1.08	0.81	7.78	6.65	3.95	
3.65	1.08	0.81	7.83	6.71	4.00	
3.65	1.08	0.80	7.88	6.76	4.04	
3.64	1.07	0.79	7.93	6.81	4.08	
3.63	1.05	0.77	7.97	6.85	4.11	
3.61	1.03	0.74	8.01	6.88	4.14	
3.58	1.01	0.72	8.05	6.90	4.17	
3.55	0.99	0.68	8.09	6.91	4.19	
3.52	0.96	0.65	8.12	6.93	4.21	
3.48	0.93	0.61	8.15	6.94	4.22	
3.45	0.91	0.58	8.18	6.95	4.25	
3.40	0.88	0.54	8.22	6.97	4.27	
3.36	0.85	0.50	8.26	6.99	4.30	
3.31	0.82	0.46	8.31	7.02	4.33	
3.26	0.79	0.42	8.36	7.05	4.36	
3.21	0.77	0.38	8.42	7.08	4.39	
3.15	0.74	0.34	8.47	7.11	4.43	
3.10	0.72	0.30	8.53	7.13	4.46	
3.05	0.70	0.27	8.59	7.16	4.49	
2.99	0.68	0.24	8.66	7.18	4.51	
2.94	0.66	0.22	8.72	7.20	4.53	
2.89	0.65	0.19	8.79	7.22	4.56	
2.85	0.64	0.17	8.86	7.24	4.57	
2.80	0.63	0.14	8.92	7.25	4.59	
2.75	0.62	0.11	8.99	7.27	4.60	
2.71	0.61	0.08	9.07	7.28	4.60	
2.67	0.60	0.05	9.14	7.30	4.61	
2.62	0.60	0.02	9.22	7.31	4.62	
2.58	0.59	-0.01	9.31	7.33	4.63	
2.53	0.58	-0.05	9.39	7.34	4.64	
2.47	0.57	-0.08	9.47	7.35	4.64	
2.42	0.55	-0.12	9.55	7.36	4.64	
2.37	0.54	-0.16	9.63	7.36	4.64	
2.31	0.53	-0.20	9.71	7.38	4.64	
2.26	0.52	-0.24	9.80	7.39	4.64	
2.21	0.51	-0.27	9.89	7.42	4.66	
2.17	0.51	-0.31	9.99	7.46	4.68	
2.13	0.51	-0.34	10.10	7.50	4.70	
2.09	0.51	-0.36	10.20	7.55	4.73	
2.06	0.52	-0.39	10.31	7.59	4.76	
2.04	0.54	-0.41	10.42	7.64	4.79	
2.02	0.55	-0.42	10.53	7.69	4.82	
2.00	0.58	-0.43	10.63	7.74	4.86	
1.99	0.60	-0.44	10.74	7.79	4.89	
1.98	0.63	-0.44	10.85	7.85	4.94	
1.98	0.66	-0.43	10.96	7.92	4.98	
1.97	0.69	-0.42	11.06	7.98	5.02	
1.98	0.73	-0.41	11.15	8.05	5.06	
1.98	0.76	-0.40	11.24	8.10	5.10	
1.98	0.79	-0.39	11.32	8.16	5.13	
1.99	0.82	-0.38	11.38	8.20	5.16	
1.99	0.85	-0.37	11.44	8.25	5.19	
1.99	0.87	-0.37	11.50	8.29	5.21	
1.99	0.89	-0.36	11.56	8.34	5.24	
1.99	0.91	-0.36	11.61	8.39	5.27	
1.99	0.92	-0.35	11.67	8.45	5.31	
1.99	0.94	-0.34	11.72	8.50	5.35	
1.99	0.95	-0.33	11.76	8.56	5.39	
2.00	0.97	-0.32	11.80	8.61	5.42	
2.00	0.99	-0.30	11.83	8.66	5.46	
2.00	1.00	-0.29	11.85	8.70	5.48	
2.00	1.02	-0.27	11.86	8.74	5.51	
2.00	1.03	-0.25	11.86	8.76	5.52	
2.00	1.04	-0.23	11.85	8.79	5.54	
2.01	1.06	-0.21	11.84	8.80	5.55	
2.01	1.07	-0.19	11.82	8.82	5.57	
2.02	1.09	-0.17	11.79	8.83	5.58	
2.02	1.10	-0.15	11.75	8.84	5.58	
2.02	1.11	-0.12	11.70	8.83	5.58	
2.02	1.13	-0.10	11.64	8.82	5.56	
2.03	1.14	-0.07	11.57	8.80	5.54	
2.03	1.16	-0.04	11.49	8.77	5.50	
2.03	1.17	-0.00	11.39	8.73	5.46	
2.03	1.19	0.04	11.29	8.68	5.41	
2.04	1.22	0.07	11.18	8.62	5.35	
2.04	1.24	0.12	11.06	8.55	5.30	
2.04	1.26	0.16	10.95	8.49	5.24	
2.04	1.29	0.20	10.84	8.43	5.19	
2.04	1.31	0.24	10.74	8.37	5.14	
2.04	1.34	0.28	10.64	8.33	5.10	
2.04	1.37	0.32	10.56	8.29	5.08	
2.04	1.40	0.36	10.50	8.27	5.06	
2.03	1.43	0.40	10.44	8.25	5.05	
2.02	1.45	0.43	10.39	8.24	5.05	
2.01	1.48	0.47	10.35	8.23	5.05	
1.99	1.50	0.50	10.32	8.22	5.05	
1.96	1.52	0.53	10.29	8.21	5.06	
1.93	1.53	0.55	10.27	8.21	5.08	
1.89	1.53	0.57	10.26	8.22	5.10	
1.85	1.54	0.58	10.26	8.23	5.13	
1.80	1.54	0.59	10.26	8.25	5.17	
1.76	1.54	0.59	10.26	8.27	5.21	
1.71	1.55	0.60	10.26	8.29	5.24	
1.66	1.55	0.60	10.26	8.30	5.27	
1.62	1.55	0.60	10.26	8.30	5.28	
1.56	1.54	0.60	10.25	8.29	5.29	
1.51	1.53	0.60	10.23	8.27	5.28	
1.45	1.52	0.59	10.20	8.24	5.27	
1.38	1.50	0.57	10.17	8.20	5.25	
1.32	1.47	0.55	10.14	8.16	5.23	
1.24	1.45	0.53	10.11	8.13	5.21	
1.17	1.41	0.51	10.09	8.10	5.20	
1.10	1.38	0.48	10.08	8.07	5.19	
1.03	1.34	0.45	10.07	8.05	5.19	
0.96	1.31	0.42	10.07	8.04	5.20	
0.89	1.27	0.39	10.07	8.03	5.20	
0.83	1.24	0.35	10.07	8.02	5.21	
0.77	1.21	0.32	10.08	8.00	5.21	
0.72	1.18	0.29	10.08	7.99	5.22	
0.67	1.15	0.26	10.09	7.98	5.23	
0.62	1.12	0.23	10.11	7.97	5.24	
0.58	1.10	0.20	10.13	7.97	5.25	
0.54	1.07	0.17	10.16	7.98	5.28	
0.51	1.05	0.15	10.20	8.00	5.31	
0.48	1.03	0.13	10.25	8.03	5.36	
0.46	1.01	0.10	10.30	8.06	5.40	
0.43	0.99	0.07	10.35	8.10	5.45	
0.41	0.97	0.04	10.40	8.13	5.50	
0.39	0.95	0.01	10.44	8.16	5.55	
0.37	0.93	-0.02	10.48	8.19	5.59	
0.35	0.90	-0.06	10.51	8.20	5.62	
0.34	0.88	-0.10	10.53	8.21	5.65	
0.33	0.86	-0.13	10.55	8.21	5.67	
0.32	0.83	-0.17	10.56	8.22	5.70	
0.31	0.81	-0.21	10.58	8.23	5.73	
0.30	0.78	-0.25	10.59	8.24	5.76	
0.29	0.74	-0.29	10.61	8.26	5.79	
0.28	0.70	-0.33	10.64	8.29	5.82	
0.27	0.67	-0.37	10.66	8.31	5.86	
0.27	0.63	-0.41	10.68	8.34	5.89	
0.27	0.60	-0.44	10.70	8.36	5.93	
0.28	0.58	-0.47	10.71	8.38	5.96	
0.29	0.56	-0.49	10.72	8.39	5.99	
0.31	0.54	-0.51	10.72	8.41	6.02	
0.33	0.52	-0.52	10.72	8.42	6.04	
0.35	0.51	-0.53	10.71	8.42	6.06	
0.36	0.49	-0.54	10.69	8.43	6.08	
0.38	0.47	-0.55	10.67	8.43	6.08	
0.39	0.44	-0.56	10.64	8.43	6.09	
0.40	0.42	-0.57	10.61	8.44	6.10	
0.40	0.39	-0.58	10.58	8.44	6.10	
0.40	0.36	-0.59	10.54	8.43	6.11	
0.40	0.33	-0.60	10.51	8.43	6.11	
0.40	0.29	-0.61	10.46	8.42	6.12	
0.39	0.26	-0.62	10.41	8.40	6.11	
0.39	0.23	-0.63	10.35	8.39	6.11	
0.39	0.20	-0.63	10.29	8.36	6.10	
0.39	0.18	-0.64	10.23	8.34	6.09	
0.39	0.15	-0.64	10.17	8.32	6.08	
0.39	0.13	-0.64	10.11	8.30	6.07	
0.39	0.11	-0.63	10.05	8.29	6.07	
0.39	0.09	-0.63	9.99	8.28	6.07	
0.39	0.07	-0.63	9.94	8.26	6.08	
0.38	0.05	-0.62	9.88	8.25	6.08	
0.38	0.04	-0.61	9.83	8.23	6.09	
0.37	0.02	-0.60	9.77	8.21	6.10	
0.37	0.01	-0.59	9.70	8.19	6.11	
0.37	0.01	-0.57	9.64	8.18	6.12	
0.37	0.01	-0.56	9.58	8.17	6.15	
0.37	0.01	-0.53	9.53	8.16	6.17	
0.38	0.01	-0.51	9.47	8.15	6.19	
0.38	0.02	-0.49	9.40	8.14	6.21	
0.38	0.02	-0.47	9.33	8.12	6.22	
0.38	0.03	-0.45	9.26	8.10	6.23	
0.37	0.03	-0.43	9.19	8.07	6.23	
0.36	0.04	-0.41	9.12	8.05	6.25	
0.34	0.03	-0.39	9.07	8.04	6.26	
0.32	0.02	-0.38	9.02	8.04	6.29	
0.29	0.01	-0.36	8.99	8.04	6.32	
0.26	0.00	-0.35	8.96	8.06	6.36	
0.22	-0.01	-0.33	8.93	8.08	6.40	
0.19	-0.02	-0.32	8.92	8.11	6.45	
0.16	-0.02	-0.30	8.90	8.14	6.51	
0.13	-0.03	-0.28	8.90	8.18	6.56	
0.10	-0.03	-0.26	8.89	8.22	6.62	
0.06	-0.04	-0.24	8.89	8.26	6.68	
0.02	-0.05	-0.22	8.89	8.31	6.74	
-0.03	-0.06	-0.21	8.90	8.35	6.79	
-0.07	-0.07	-0.19	8.90	8.39	6.85	
-0.12	-0.08	-0.18	8.90	8.42	6.90	
-0.17	-0.10	-0.16	8.90	8.46	6.94	
-0.23	-0.12	-0.15	8.90	8.49	6.98	
-0.28	-0.13	-0.14	8.91	8.53	7.02	
-0.34	-0.15	-0.13	8.91	8.56	7.05	
-0.40	-0.18	-0.12	8.92	8.60	7.08	
-0.46	-0.20	-0.12	8.93	8.64	7.10	
-0.53	-0.23	-0.12	8.94	8.67	7.13	
-0.59	-0.25	-0.13	8.95	8.70	7.15	
-0.65	-0.28	-0.14	8.96	8.73	7.17	
-0.72	-0.31	-0.15	8.98	8.76	7.19	
-0.78	-0.33	-0.16	8.99	8.80	7.21	
-0.84	-0.36	-0.18	9.01	8.83	7.23	
-0.91	-0.39	-0.19	9.04	8.87	7.25	
-0.97	-0.42	-0.21	9.07	8.91	7.27	
-1.03	-0.45	-0.24	9.09	8.95	7.29	
-1.09	-0.48	-0.26	9.12	8.98	7.30	
-1.14	-0.50	-0.28	9.13	9.01	7.31	
-1.19	-0.53	-0.30	9.15	9.03	7.31	
-1.24	-0.54	-0.32	9.15	9.04	7.31	
-1.28	-0.56	-0.34	9.16	9.05	7.31	
-1.32	-0.58	-0.37	9.17	9.06	7.31	
-1.35	-0.59	-0.39	9.18	9.06	7.32	
-1.38	-0.60	-0.41	9.19	9.07	7.33	
-1.40	-0.61	-0.43	9.21	9.09	7.34	
-1.43	-0.61	-0.46	9.23	9.10	7.36	
-1.45	-0.62	-0.48	9.25	9.12	7.38	
-1.46	-0.62	-0.50	9.28	9.14	7.40	
-1.48	-0.63	-0.53	9.31	9.16	7.42	
-1.50	-0.64	-0.55	9.34	9.18	7.44	
-1.53	-0.65	-0.58	9.37	9.19	7.45	
-1.55	-0.65	-0.60	9.39	9.20	7.46	
-1.56	-0.66	-0.62	9.41	9.20	7.47	
-1.58	-0.66	-0.64	9.44	9.20	7.48	
-1.59	-0.67	-0.66	9.46	9.19	7.49	
-1.60	-0.67	-0.68	9.49	9.20	7.50	
-1.60	-0.67	-0.69	9.52	9.20	7.51	
-1.61	-0.67	-0.71	9.55	9.21	7.53	
-1.62	-0.67	-0.72	9.58	9.23	7.55	
-1.63	-0.67	-0.73	9.62	9.24	7.57	
-1.64	-0.67	-0.74	9.66	9.25	7.58	
-1.65	-0.68	-0.75	9.69	9.26	7.59	
-1.67	-0.69	-0.76	9.71	9.26	7.60	
-1.69	-0.70	-0.77	9.73	9.25	7.60	
-1.72	-0.73	-0.79	9.75	9.24	7.60	
-1.75	-0.75	-0.81	9.77	9.23	7.60	
-1.79	-0.78	-0.83	9.79	9.22	7.60	
-1.83	-0.82	-0.85	9.81	9.21	7.61	
-1.88	-0.85	-0.87	9.84	9.20	7.62	
-1.92	-0.89	-0.89	9.87	9.20	7.63	
-1.96	-0.92	-0.91	9.90	9.20	7.65	
-2.00	-0.95	-0.93	9.93	9.20	7.67	
-2.03	-0.98	-0.94	9.97	9.21	7.68	
-2.07	-1.00	-0.96	10.01	9.21	7.70	
-2.11	-1.03	-0.96	10.05	9.22	7.72	
-2.15	-1.06	-0.97	10.09	9.22	7.75	
-2.19	-1.09	-0.98	10.14	9.23	7.77	
-2.23	-1.11	-0.98	10.18	9.24	7.79	
-2.27	-1.14	-0.98	10.23	9.24	7.81	
-2.31	-1.16	-0.98	10.27	9.25	7.82	
-2.35	-1.19	-0.98	10.31	9.25	7.84	
-2.39	-1.21	-0.98	10.35	9.25	7.85	
-2.44	-1.24	-0.99	10.39	9.25	7.85	
-2.49	-1.27	-1.00	10.43	9.26	7.86	
-2.54	-1.31	-1.01	10.47	9.26	7.87	
-2.60	-1.34	-1.02	10.52	9.27	7.89	
-2.65	-1.38	-1.03	10.56	9.28	7.91	
-2.70	-1.42	-1.04	10.61	9.28	7.93	
-2.76	-1.45	-1.05	10.66	9.30	7.95	
-2.81	-1.49	-1.06	10.71	9.31	7.98	
-2.86	-1.52	-1.06	10.77	9.34	8.01	
-2.92	-1.56	-1.07	10.82	9.37	8.05	
-2.97	-1.60	-1.07	10.89	9.40	8.09	
-3.02	-1.63	-1.08	10.95	9.44	8.13	
-3.08	-1.67	-1.09	11.01	9.47	8.18	
-3.14	-1.72	-1.10	11.08	9.51	8.22	
-3.19	-1.76	-1.11	11.14	9.54	8.27	
-3.25	-1.80	-1.13	11.20	9.58	8.31	
-3.30	-1.85	-1.14	11.27	9.61	8.36	
-3.35	-1.89	-1.15	11.33	9.65	8.40	
-3.39	-1.92	-1.16	11.40	9.68	8.45	
-3.43	-1.96	-1.17	11.47	9.72	8.49	
-3.47	-1.99	-1.17	11.53	9.75	8.53	
-3.50	-2.02	-1.17	11.59	9.79	8.56	
-3.53	-2.05	-1.17	11.66	9.82	8.59	
-3.56	-2.08	-1.16	11.72	9.86	8.62	
-3.58	-2.11	-1.16	11.78	9.89	8.65	
-3.61	-2.14	-1.16	11.85	9.92	8.68	
-3.63	-2.17	-1.15	11.91	9.96	8.70	
-3.64	-2.20	-1.15	11.98	9.98	8.73	
-3.65	-2.23	-1.15	12.04	10.01	8.75	
-3.66	-2.26	-1.15	12.11	10.04	8.77	
-3.67	-2.28	-1.15	12.17	10.08	8.80	
-3.67	-2.30	-1.15	12.24	10.11	8.82	
-3.67	-2.32	-1.15	12.30	10.14	8.83	
-3.66	-2.34	-1.14	12.37	10.18	8.84	
-3.66	-2.36	-1.14	12.43	10.20	8.85	
-3.65	-2.38	-1.13	12.48	10.23	8.85	
-3.65	-2.40	-1.13	12.54	10.25	8.84	
-3.64	-2.41	-1.12	12.59	10.26	8.84	
-3.63	-2.43	-1.12	12.63	10.27	8.82	
-3.62	-2.44	-1.11	12.67	10.27	8.81	
-3.61	-2.46	-1.11	12.71	10.28	8.79	
-3.60	-2.47	-1.11	12.75	10.28	8.78	
-3.58	-2.48	-1.10	12.79	10.28	8.76	
-3.57	-2.49	-1.10	12.82	10.29	8.75	
-3.55	-2.49	-1.09	12.86	10.31	8.74	
-3.53	-2.49	-1.08	12.91	10.32	8.73	
-3.50	-2.48	-1.07	12.96	10.34	8.74	
-3.48	-2.48	-1.06	13.01	10.36	8.74	
-3.45	-2.47	-1.05	13.06	10.38	8.75	
-3.43	-2.47	-1.04	13.11	10.41	8.77	
-3.42	-2.47	-1.04	13.17	10.44	8.79	
-3.40	-2.47	-1.03	13.23	10.47	8.82	
-3.40	-2.47	-1.04	13.29	10.50	8.85	
-3.39	-2.48	-1.04	13.35	10.54	8.89	
-3.40	-2.49	-1.06	13.41	10.58	8.94	
-3.40	-2.50	-1.07	13.46	10.62	8.98	
-3.41	-2.52	-1.10	13.51	10.65	9.01	
-3.43	-2.54	-1.13	13.55	10.68	9.04	
-3.46	-2.56	-1.16	13.58	10.71	9.07	
-3.48	-2.59	-1.19	13.61	10.72	9.09	
-3.51	-2.61	-1.22	13.63	10.74	9.10	
-3.55	-2.64	-1.26	13.65	10.75	9.12	
-3.58	-2.67	-1.30	13.67	10.76	9.14	
-3.63	-2.70	-1.34	13.69	10.78	9.17	
-3.67	-2.73	-1.38	13.73	10.81	9.20	
-3.72	-2.77	-1.42	13.77	10.85	9.25	
-3.78	-2.81	-1.46	13.82	10.89	9.29	
-3.83	-2.85	-1.51	13.87	10.95	9.35	
-3.89	-2.89	-1.55	13.92	11.00	9.39	
-3.95	-2.93	-1.60	13.97	11.04	9.44	
-4.00	-2.97	-1.64	14.00	11.08	9.47	
-4.06	-3.00	-1.69	14.04	11.11	9.50	
-4.11	-3.04	-1.73	14.06	11.13	9.52	
-4.16	-3.08	-1.77	14.08	11.15	9.54	
-4.22	-3.11	-1.81	14.09	11.17	9.55	
-4.27	-3.15	-1.85	14.10	11.19	9.56	
-4.32	-3.19	-1.89	14.11	11.20	9.56	
-4.37	-3.23	-1.93	14.12	11.22	9.57	
-4.41	-3.27	-1.96	14.12	11.24	9.58	
-4.46	-3.31	-2.01	14.11	11.25	9.59	
-4.50	-3.35	-2.05	14.11	11.27	9.60	
-4.54	-3.39	-2.09	14.10	11.28	9.61	
-4.58	-3.44	-2.14	14.09	11.29	9.62	
-4.62	-3.48	-2.18	14.07	11.30	9.63	
-4.65	-3.53	-2.23	14.05	11.30	9.63	
-4.68	-3.57	-2.27	14.02	11.30	9.64	
-4.70	-3.61	-2.31	14.00	11.30	9.65	
-4.72	-3.64	-2.35	13.97	11.31	9.66	
-4.74	-3.68	-2.38	13.95	11.32	9.68	
-4.76	-3.72	-2.42	13.93	11.34	9.70	
-4.77	-3.76	-2.45	13.92	11.36	9.73	
-4.79	-3.79	-2.49	13.90	11.38	9.76	
-4.80	-3.83	-2.52	13.88	11.40	9.79	
-4.81	-3.87	-2.55	13.87	11.43	9.82	
-4.82	-3.91	-2.59	13.85	11.45	9.86	
-4.83	-3.95	-2.62	13.84	11.48	9.91	
-4.83	-3.99	-2.66	13.83	11.52	9.96	
-4.84	-4.03	-2.70	13.82	11.55	10.01	
-4.84	-4.07	-2.73	13.82	11.59	10.06	
-4.84	-4.11	-2.77	13.81	11.64	10.11	
-4.85	-4.14	-2.80	13.81	11.68	10.16	
-4.85	-4.18	-2.84	13.79	11.72	10.21	
-4.84	-4.22	-2.87	13.77	11.76	10.25	
-4.84	-4.25	-2.90	13.75	11.79	10.28	
-4.84	-4.28	-2.93	13.73	11.83	10.32	
-4.83	-4.31	-2.96	13.70	11.86	10.35	
-4.82	-4.34	-2.98	13.68	11.89	10.39	
-4.81	-4.37	-3.01	13.67	11.93	10.43	
-4.80	-4.39	-3.02	13.66	11.97	10.48	
-4.78	-4.41	-3.04	13.66	12.03	10.54	
-4.75	-4.41	-3.04	13.67	12.09	10.60	
-4.72	-4.41	-3.05	13.69	12.16	10.67	
-4.69	-4.41	-3.05	13.71	12.23	10.74	
-4.65	-4.40	-3.05	13.74	12.31	10.81	
-4.62	-4.39	-3.04	13.76	12.38	10.88	
-4.58	-4.38	-3.04	13.78	12.45	10.94	
-4.55	-4.36	-3.03	13.80	12.51	10.99	
-4.51	-4.35	-3.02	13.81	12.56	11.03	
-4.48	-4.33	-3.01	13.81	12.60	11.06	
-4.44	-4.30	-2.99	13.81	12.63	11.09	
-4.41	-4.28	-2.98	13.80	12.65	11.12	
-4.37	-4.26	-2.97	13.78	12.66	11.13	
-4.34	-4.23	-2.96	13.76	12.67	11.14	
-4.31	-4.21	-2.94	13.74	12.68	11.15	
-4.28	-4.18	-2.94	13.71	12.68	11.15	
-4.25	-4.15	-2.93	13.69	12.68	11.15	
-4.22	-4.13	-2.92	13.66	12.67	11.15	
-4.19	-4.09	-2.91	13.62	12.65	11.14	
-4.16	-4.06	-2.89	13.58	12.62	11.12	
-4.13	-4.03	-2.88	13.54	12.59	11.10	
-4.10	-3.99	-2.86	13.48	12.54	11.06	
-4.08	-3.96	-2.85	13.43	12.49	11.02	
-4.05	-3.92	-2.83	13.37	12.44	10.97	
-4.03	-3.89	-2.81	13.31	12.38	10.91	
-4.01	-3.85	-2.80	13.24	12.31	10.85	
-3.99	-3.81	-2.77	13.17	12.23	10.78	
-3.96	-3.77	-2.75	13.08	12.15	10.69	
-3.93	-3.72	-2.72	12.99	12.05	10.60	
-3.90	-3.67	-2.69	12.89	11.95	10.49	
-3.87	-3.62	-2.66	12.79	11.83	10.37	
-3.85	-3.57	-2.63	12.68	11.70	10.25	
-3.83	-3.53	-2.61	12.57	11.58	10.12	
-3.81	-3.48	-2.58	12.45	11.44	9.99	
-3.80	-3.45	-2.56	12.33	11.31	9.85	
-3.79	-3.41	-2.54	12.21	11.17	9.71	
-3.79	-3.38	-2.52	12.09	11.04	9.56	
-3.79	-3.36	-2.50	11.98	10.90	9.42	
-3.80	-3.33	-2.48	11.86	10.77	9.27	
-3.81	-3.32	-2.47	11.74	10.64	9.12	
-3.81	-3.30	-2.45	11.62	10.50	8.97	
-3.82	-3.28	-2.44	11.50	10.36	8.82	
-3.83	-3.27	-2.43	11.38	10.22	8.67	
-3.83	-3.25	-2.42	11.27	10.09	8.52	
-3.84	-3.24	-2.41	11.16	9.96	8.38	
-3.85	-3.23	-2.41	11.07	9.84	8.25	
-3.86	-3.22	-2.41	10.98	9.73	8.13	
-3.87	-3.22	-2.41	10.91	9.63	8.02	
-3.88	-3.21	-2.40	10.84	9.54	7.91	
-3.88	-3.21	-2.40	10.77	9.46	7.81	
-3.89	-3.20	-2.40	10.72	9.39	7.71	
-3.89	-3.20	-2.39	10.66	9.32	7.62	
-3.90	-3.19	-2.39	10.62	9.26	7.54	
-3.90	-3.19	-2.39	10.59	9.20	7.47	
-3.90	-3.19	-2.39	10.56	9.16	7.42	
-3.90	-3.18	-2.39	10.55	9.12	7.37	
-3.89	-3.18	-2.39	10.54	9.10	7.33	
-3.88	-3.17	-2.39	10.54	9.08	7.30	
-3.87	-3.17	-2.39	10.54	9.07	7.28	
-3.86	-3.16	-2.39	10.54	9.07	7.26	
-3.84	-3.15	-2.39	10.54	9.07	7.23	
-3.83	-3.14	-2.39	10.54	9.06	7.21	
-3.81	-3.13	-2.40	10.54	9.06	7.19	
-3.80	-3.13	-2.40	10.54	9.05	7.17	
-3.79	-3.12	-2.41	10.53	9.04	7.14	
-3.79	-3.12	-2.42	10.52	9.02	7.11	
-3.78	-3.12	-2.43	10.50	9.00	7.08	
-3.78	-3.12	-2.44	10.48	8.97	7.04	
-3.77	-3.12	-2.46	10.45	8.94	7.01	
-3.77	-3.12	-2.47	10.42	8.91	6.97	
-3.77	-3.13	-2.49	10.38	8.87	6.93	
-3.77	-3.13	-2.51	10.35	8.84	6.90	
-3.78	-3.13	-2.53	10.32	8.81	6.86	
-3.79	-3.14	-2.55	10.29	8.78	6.83	
-3.80	-3.15	-2.57	10.26	8.75	6.79	
-3.81	-3.16	-2.59	10.23	8.70	6.75	
-3.82	-3.16	-2.61	10.19	8.66	6.71	
-3.83	-3.17	-2.63	10.15	8.60	6.66	
-3.85	-3.17	-2.64	10.11	8.55	6.62	
-3.86	-3.16	-2.64	10.07	8.50	6.58	
-3.87	-3.16	-2.64	10.04	8.45	6.54	
-3.88	-3.15	-2.64	10.00	8.41	6.51	
-3.89	-3.14	-2.63	9.98	8.38	6.49	
-3.89	-3.12	-2.62	9.95	8.34	6.47	
-3.89	-3.10	-2.61	9.92	8.31	6.45	
-3.90	-3.07	-2.60	9.88	8.27	6.42	
-3.90	-3.05	-2.59	9.84	8.22	6.40	
-3.90	-3.02	-2.57	9.80	8.17	6.36	
-3.90	-2.99	-2.55	9.75	8.12	6.33	
-3.90	-2.96	-2.53	9.71	8.07	6.30	
-3.89	-2.92	-2.51	9.67	8.02	6.27	
-3.88	-2.88	-2.48	9.63	7.97	6.24	
-3.87	-2.84	-2.45	9.59	7.93	6.21	
-3.85	-2.80	-2.42	9.56	7.89	6.19	
-3.84	-2.75	-2.39	9.52	7.85	6.17	
-3.82	-2.71	-2.37	9.49	7.81	6.14	
-3.80	-2.67	-2.35	9.45	7.78	6.11	
-3.78	-2.62	-2.33	9.42	7.74	6.08	
-3.76	-2.58	-2.32	9.38	7.70	6.05	
-3.73	-2.54	-2.30	9.34	7.66	6.02	
-3.70	-2.49	-2.29	9.31	7.62	5.99	
-3.67	-2.45	-2.27	9.27	7.58	5.97	
-3.63	-2.40	-2.26	9.23	7.54	5.94	
-3.60	-2.36	-2.24	9.20	7.51	5.91	
-3.56	-2.32	-2.22	9.16	7.48	5.88	
-3.52	-2.27	-2.21	9.13	7.46	5.86	
-3.48	-2.23	-2.18	9.10	7.45	5.84	
-3.43	-2.18	-2.16	9.07	7.44	5.83	
-3.38	-2.13	-2.14	9.06	7.44	5.83	
-3.32	-2.09	-2.12	9.05	7.45	5.84	
-3.26	-2.04	-2.10	9.04	7.47	5.85	
-3.20	-2.00	-2.08	9.04	7.49	5.87	
-3.14	-1.95	-2.06	9.05	7.51	5.90	
-3.08	-1.91	-2.05	9.06	7.55	5.92	
-3.02	-1.87	-2.03	9.08	7.59	5.95	
-2.96	-1.84	-2.02	9.10	7.63	5.99	
-2.90	-1.81	-2.01	9.12	7.68	6.02	
-2.85	-1.78	-2.01	9.14	7.73	6.05	
-2.80	-1.76	-2.01	9.17	7.78	6.07	
-2.75	-1.75	-2.02	9.19	7.83	6.10	
-2.71	-1.74	-2.03	9.21	7.88	6.13	
-2.68	-1.74	-2.04	9.24	7.93	6.16	
-2.65	-1.74	-2.06	9.27	7.98	6.19	
-2.62	-1.74	-2.08	9.30	8.03	6.23	
-2.59	-1.74	-2.09	9.32	8.08	6.26	
-2.56	-1.74	-2.11	9.35	8.13	6.29	
-2.53	-1.74	-2.13	9.37	8.18	6.32	
-2.50	-1.75	-2.16	9.39	8.22	6.35	
-2.49	-1.76	-2.18	9.42	8.27	6.37	
-2.47	-1.77	-2.21	9.44	8.31	6.39	
-2.47	-1.78	-2.24	9.46	8.35	6.41	
-2.47	-1.80	-2.27	9.48	8.39	6.43	
-2.47	-1.83	-2.30	9.50	8.42	6.45	
-2.49	-1.85	-2.33	9.52	8.45	6.47	
-2.50	-1.88	-2.37	9.54	8.48	6.49	
-2.53	-1.91	-2.41	9.57	8.51	6.52	
-2.55	-1.94	-2.46	9.61	8.55	6.56	
-2.58	-1.98	-2.50	9.65	8.60	6.60	
-2.62	-2.01	-2.55	9.70	8.65	6.65	
-2.65	-2.05	-2.59	9.74	8.69	6.70	
-2.69	-2.09	-2.64	9.79	8.74	6.74	
-2.74	-2.13	-2.69	9.84	8.78	6.78	
-2.78	-2.17	-2.75	9.88	8.81	6.81	
-2.84	-2.21	-2.81	9.92	8.83	6.84	
-2.90	-2.26	-2.87	9.95	8.85	6.86	
-2.96	-2.32	-2.93	9.98	8.86	6.88	
-3.03	-2.37	-2.99	10.01	8.87	6.89	
-3.11	-2.43	-3.05	10.04	8.87	6.90	
-3.18	-2.48	-3.11	10.06	8.88	6.91	
-3.25	-2.54	-3.17	10.09	8.89	6.93	
-3.32	-2.59	-3.23	10.12	8.90	6.95	
-3.39	-2.64	-3.28	10.15	8.92	6.98	
-3.46	-2.68	-3.33	10.20	8.94	7.02	
-3.52	-2.72	-3.37	10.25	8.97	7.07	
-3.59	-2.76	-3.42	10.30	9.01	7.12	
-3.66	-2.80	-3.46	10.36	9.04	7.17	
-3.72	-2.84	-3.49	10.41	9.08	7.23	
-3.79	-2.88	-3.52	10.47	9.12	7.28	
-3.85	-2.91	-3.55	10.53	9.16	7.34	
-3.91	-2.94	-3.58	10.60	9.20	7.40	
-3.97	-2.96	-3.60	10.66	9.24	7.47	
-4.03	-2.98	-3.61	10.73	9.29	7.53	
-4.08	-3.00	-3.63	10.79	9.34	7.58	
-4.13	-3.02	-3.63	10.86	9.38	7.64	
-4.17	-3.03	-3.64	10.92	9.42	7.69	
-4.21	-3.04	-3.64	10.97	9.46	7.73	
-4.24	-3.04	-3.64	11.02	9.50	7.78	
-4.26	-3.03	-3.63	11.08	9.54	7.83	
-4.28	-3.02	-3.61	11.12	9.57	7.88	
-4.30	-3.00	-3.59	11.17	9.61	7.92	
-4.31	-2.98	-3.57	11.21	9.64	7.97	
-4.32	-2.96	-3.55	11.24	9.67	8.01	
-4.32	-2.94	-3.52	11.27	9.70	8.04	
-4.33	-2.92	-3.49	11.29	9.73	8.08	
-4.33	-2.90	-3.47	11.30	9.75	8.10	
-4.34	-2.88	-3.44	11.31	9.78	8.13	
-4.34	-2.87	-3.42	11.32	9.80	8.16	
-4.34	-2.85	-3.40	11.32	9.82	8.19	
-4.34	-2.83	-3.38	11.32	9.85	8.22	
-4.34	-2.81	-3.36	11.32	9.88	8.25	
-4.34	-2.79	-3.34	11.32	9.91	8.29	
-4.33	-2.77	-3.32	11.32	9.95	8.33	
-4.32	-2.74	-3.30	11.32	9.99	8.38	
-4.31	-2.71	-3.27	11.33	10.05	8.44	
-4.30	-2.69	-3.25	11.33	10.11	8.51	
-4.30	-2.67	-3.22	11.34	10.18	8.57	
-4.29	-2.65	-3.20	11.34	10.25	8.64	
-4.29	-2.63	-3.18	11.33	10.31	8.70	
-4.29	-2.62	-3.16	11.32	10.36	8.75	
-4.29	-2.61	-3.14	11.29	10.40	8.80	
-4.29	-2.59	-3.12	11.25	10.44	8.85	
-4.29	-2.58	-3.11	11.20	10.47	8.89	
-4.29	-2.58	-3.09	11.15	10.49	8.93	
-4.30	-2.57	-3.08	11.10	10.52	8.97	
-4.30	-2.57	-3.08	11.05	10.54	9.01	
-4.31	-2.57	-3.07	11.00	10.56	9.05	
-4.32	-2.57	-3.07	10.94	10.57	9.09	
-4.33	-2.58	-3.07	10.89	10.59	9.12	
-4.34	-2.58	-3.07	10.84	10.60	9.15	
-4.35	-2.59	-3.06	10.79	10.61	9.19	
-4.36	-2.60	-3.06	10.75	10.62	9.23	
-4.36	-2.60	-3.05	10.71	10.63	9.27	
-4.37	-2.61	-3.05	10.67	10.65	9.32	
-4.37	-2.61	-3.04	10.64	10.66	9.37	
-4.36	-2.61	-3.02	10.62	10.68	9.42	
-4.35	-2.60	-3.01	10.60	10.69	9.47	
-4.34	-2.60	-2.99	10.57	10.70	9.51	
-4.32	-2.59	-2.97	10.54	10.70	9.54	
-4.29	-2.57	-2.95	10.51	10.69	9.56	
-4.27	-2.56	-2.93	10.47	10.67	9.57	
-4.25	-2.55	-2.91	10.43	10.65	9.58	
-4.22	-2.55	-2.90	10.39	10.63	9.58	
-4.20	-2.54	-2.88	10.34	10.59	9.57	
-4.18	-2.53	-2.86	10.30	10.56	9.56	
-4.16	-2.53	-2.84	10.25	10.52	9.55	
-4.14	-2.52	-2.83	10.20	10.48	9.54	
-4.11	-2.52	-2.81	10.15	10.44	9.53	
-4.09	-2.51	-2.79	10.11	10.39	9.52	
-4.06	-2.51	-2.78	10.06	10.36	9.51	
-4.04	-2.50	-2.76	10.03	10.33	9.51	
-4.01	-2.50	-2.75	10.00	10.30	9.51	
-3.98	-2.50	-2.74	9.97	10.28	9.51	
-3.95	-2.49	-2.72	9.95	10.25	9.52	
-3.91	-2.48	-2.70	9.93	10.23	9.52	
-3.87	-2.47	-2.68	9.91	10.21	9.53	
-3.83	-2.45	-2.65	9.90	10.19	9.54	
-3.79	-2.44	-2.62	9.88	10.17	9.55	
-3.74	-2.42	-2.58	9.86	10.14	9.55	
-3.69	-2.40	-2.55	9.84	10.11	9.55	
-3.65	-2.38	-2.51	9.82	10.08	9.54	
-3.60	-2.36	-2.47	9.78	10.03	9.52	
-3.55	-2.34	-2.43	9.74	9.98	9.48	
-3.50	-2.32	-2.40	9.69	9.91	9.44	
-3.45	-2.30	-2.36	9.63	9.83	9.38	
-3.40	-2.28	-2.33	9.56	9.75	9.31	
-3.35	-2.27	-2.30	9.49	9.66	9.23	
-3.31	-2.26	-2.28	9.43	9.57	9.15	
-3.27	-2.25	-2.25	9.37	9.48	9.08	
-3.23	-2.24	-2.23	9.32	9.40	9.01	
-3.20	-2.24	-2.22	9.27	9.32	8.93	
-3.17	-2.24	-2.20	9.22	9.24	8.86	
-3.15	-2.25	-2.19	9.17	9.16	8.79	
-3.13	-2.25	-2.17	9.11	9.08	8.72	
-3.10	-2.26	-2.16	9.06	8.99	8.64	
-3.08	-2.26	-2.14	9.00	8.91	8.56	
-3.06	-2.27	-2.12	8.93	8.81	8.47	
-3.03	-2.26	-2.10	8.86	8.71	8.37	
-3.00	-2.26	-2.08	8.78	8.61	8.28	
-2.97	-2.26	-2.05	8.71	8.50	8.18	
-2.94	-2.25	-2.03	8.64	8.41	8.10	
-2.92	-2.25	-2.01	8.58	8.32	8.02	
-2.90	-2.24	-1.99	8.54	8.24	7.96	
-2.88	-2.25	-1.96	8.50	8.18	7.91	
-2.87	-2.25	-1.94	8.47	8.12	7.87	
-2.85	-2.25	-1.92	8.44	8.07	7.83	
-2.84	-2.25	-1.90	8.41	8.02	7.79	
-2.82	-2.24	-1.87	8.37	7.97	7.76	
-2.80	-2.24	-1.84	8.34	7.91	7.72	
-2.78	-2.22	-1.81	8.30	7.86	7.69	
-2.75	-2.20	-1.77	8.27	7.80	7.67	
-2.71	-2.18	-1.73	8.25	7.76	7.64	
-2.67	-2.15	-1.69	8.23	7.72	7.63	
-2.63	-2.12	-1.64	8.22	7.69	7.62	
-2.59	-2.08	-1.60	8.21	7.67	7.61	
-2.54	-2.05	-1.55	8.21	7.65	7.61	
-2.50	-2.01	-1.51	8.22	7.65	7.62	
-2.46	-1.97	-1.46	8.23	7.65	7.63	
-2.42	-1.94	-1.43	8.25	7.65	7.64	
-2.39	-1.92	-1.39	8.28	7.66	7.66	
-2.36	-1.89	-1.35	8.30	7.67	7.67	
-2.33	-1.86	-1.32	8.33	7.68	7.69	
-2.30	-1.84	-1.28	8.35	7.69	7.71	
-2.27	-1.80	-1.24	8.37	7.70	7.72	
-2.24	-1.77	-1.21	8.39	7.71	7.73	
-2.20	-1.74	-1.17	8.41	7.72	7.74	
-2.17	-1.70	-1.13	8.44	7.74	7.75	
-2.14	-1.67	-1.10	8.47	7.76	7.76	
-2.12	-1.64	-1.06	8.50	7.78	7.78	
-2.09	-1.61	-1.03	8.54	7.81	7.80	
-2.07	-1.58	-0.99	8.58	7.85	7.82	
-2.05	-1.55	-0.96	8.63	7.89	7.85	
-2.03	-1.52	-0.92	8.69	7.93	7.88	
-2.00	-1.48	-0.88	8.75	7.98	7.92	
-1.98	-1.45	-0.84	8.81	8.04	7.96	
-1.97	-1.42	-0.81	8.88	8.11	8.01	
-1.95	-1.39	-0.77	8.96	8.18	8.06	
-1.94	-1.36	-0.74	9.03	8.25	8.11	
-1.92	-1.33	-0.71	9.10	8.32	8.16	
-1.91	-1.30	-0.68	9.17	8.38	8.21	
-1.90	-1.27	-0.66	9.22	8.44	8.24	
-1.88	-1.24	-0.63	9.27	8.49	8.27	
-1.87	-1.21	-0.61	9.31	8.53	8.29	
-1.86	-1.18	-0.59	9.34	8.56	8.31	
-1.85	-1.15	-0.57	9.38	8.60	8.33	
-1.84	-1.13	-0.55	9.41	8.63	8.35	
-1.84	-1.11	-0.54	9.45	8.68	8.38	
-1.84	-1.09	-0.53	9.49	8.72	8.42	
-1.84	-1.07	-0.52	9.53	8.77	8.46	
-1.85	-1.06	-0.51	9.57	8.83	8.50	
-1.85	-1.04	-0.51	9.61	8.89	8.55	
-1.86	-1.03	-0.51	9.66	8.94	8.60	
-1.86	-1.01	-0.51	9.70	9.00	8.65	
-1.86	-1.00	-0.52	9.74	9.05	8.71	
-1.87	-0.98	-0.52	9.78	9.10	8.76	
-1.87	-0.97	-0.53	9.82	9.15	8.81	
-1.88	-0.95	-0.54	9.85	9.20	8.86	
-1.88	-0.94	-0.55	9.89	9.25	8.92	
-1.88	-0.93	-0.57	9.92	9.30	8.97	
-1.89	-0.92	-0.58	9.95	9.35	9.03	
-1.90	-0.91	-0.59	9.98	9.40	9.08	
-1.90	-0.90	-0.60	10.01	9.45	9.13	
-1.91	-0.89	-0.62	10.04	9.49	9.18	
-1.91	-0.88	-0.63	10.07	9.53	9.22	
-1.91	-0.87	-0.64	10.09	9.56	9.26	
-1.91	-0.87	-0.64	10.10	9.58	9.28	
						
						
						
						
						
						
						
						
						
						
						
						
						
						
						
						
						
						
						
						
						
						
						
						
						
						
						
						
						
						
						
						
						
						
						
						
						
						
						
						
						
						
						
						
						
						
						
						
						
						
						
						
						
						
						
						
						
						
						
						
						
						
						
						
						
						
						
						
						
						
						
						
						
						
						
						
						
						
						
						
						
						
						
						
						
						
						
						
						
						
						
						
						
						
						
						
						
						
						
						
						
						
						
						
						
						
						
						
						
						
						
						
						
						
						
						
						
						
						
						
						
						
						
						
						
						
						
						
						
						
						
						
						
						
						
						
						
						
						
						
						
						
						
						
						
						
						
						
						
						
						
						
						
						
						
						
						
						
						
						
						
						
						
						
						
						
						
						
						
						
						
						
						
						
						
						
						
						
						
						
						
						
						
						
						
						
						
						
						
						
						
						
						
						
						
						
						
						
						
						
						
						
						
						
						
						
						
						
						
						
						
						
						
						
						
						
						
						
						
						
						
						
						
						
						
						
						
						
						
						
						
						
						
						
						
						
						
						
						
						
						
						
						
						
						
						
						
						
						
						
						
						
						
						
						
						
						
						
						
						
						
						
						
						
						
						
						
						
						
						
						
						
						
						
						
						
						
						
						
						
						
						
						
						
						
						
						
						
						
						
						
						
						
						
						
						
						
						
						
						
						
						
						
						
						
						
						
						
						
						
						
						
						
						
						
						
						
						
						
						
						
						
						
						
						
						
						
						
						
						
						
						
						
						
						
						
						
						
						
						
						
						
						
						
						
						
						
						
						
						
						
						
						
						
						
						
						
						
						
						
						
						
						
						
						
						
						
						
						
						
						
						
						
						
						
						
						
						
						
						
						
						
						
						
						
						
						
						
						
						
						
						
						
						
						
						
						
						
						
						
						
						
						
						
						
						
						
						
						
						
						
						
						
						
						
						
						
						
						
						
						
						
						
						
						
						
						
						
						
						
						
						
						
						
						
						
						
						
						
						
						
						
						
						
						
						
						
						
						
						
						
						
						
						
						
						
						
						
						
						
						
						
						
						
						
						
						
						
						
						
						
						
						
						
						
						
						
						
						
						
						
						
						
						
						
						
						
						
						
						
						
						
						
						
						
						
						
						
						
						
						
						
						
						
						
						
						
						
						
						
						
						
						
						
						
						
						
						
						
						
						
						
						
						
						
						
						
						
						
						
						
						
						
						
						
						
						
						
						
						
						
						
						
						
						
						
						
						
						
						
						
						
						
						
						
						
						
						
						
						
						
						
						
						
						
						
						
						
						
						
						
						
						
						
						
						
						
						
						
						
						
						
						
						
						
						
						
						
						
						
						
						
						
						
						
						
						
						
						
						
						
						
						
						
						
						
						
						
						
						
						
						
						
						
						
						
						
						
						
						
						
						
						
						
						
						
						
						
						
						
						
						
						
						
						
						
						
						
						
						
						
						
						
						
						
						
						
						
						
						
						
						
						
						
						
						
						
						
						
						
						
						
						
						
						
						
						
						
						
						
						
						
						
						
						
						
						
						
						
						
						
						
						
						
						
						
						
						
						
						
						
						
						
						
						
						
						
						
						
						
						
						
						
						
						
						
						
						
						
						
						
						
						
						
						
						
						
						
						
						
						
						
						
						
						
						
						
						
						
						
						
						
						
						
						
						
						
						
						
						
						
						
						
						
						
						
						
						
						
						
						
						
						
						
						
						
						
						
						
						
						
						
						
						
						
						
						
						
						
						
						
						
						
						
						
						
						
						
						
						
						
						
						
						
						
						
						
						
						
						
						
						
						
						
						
						
						
						
						
						
						
						
						
						
						
						
						
						
						
						
						
						
						
						
						
						
						
						
						
						
						
						
						
						
						
						
						
						
						
						
						
						
						
						
						
						
						
						
						
						
						
						
						
						
						
						
						
						
						
						
						
						
						
						
						
						
						
						
						
						
						
						
						
						
						
						
						
						
						
						
						
						
						
						
						
						
						
						
						
						
						
						
						
						
						
						
						
						
						
						
						
						
						
						
						
						
						
						
						
						
						
						
						
						
						
						
						
						
						
						
						
						
						
						
						
						
						
						
						
						
						
						
						
						
						
						
						
						
						
						
						
						
						
						
						
						
						
						
						
						
						
						
						
						
						
						
						
						
						
						
						
						
						
						
						
						
						
						
						
						
						
						
						
						
						
						
						
						
						
						
						
						
						
						
						
						
						
						
						
						
						
						
						
						
						
						
						
						
						
						
						
						
						
						
						
						
						
						
						
						
						
						
						
						
						
						
						
						
						
						
						
						
						
						
						
						
						
						
						
						
						
						
						
						
						
						
						
						
						
						
						
						
						
						
						
						
						
						
						
						
						
						
						
						
						
						
						
						
						
						
						
						
						
						
						
						
						
						
						
						
						
						
						
						
						
						
						
						
						
						
						
						
						
						
						
						
						
						
						
						
						
						
						
						
						
						
						
						
						
						
						
						
						
						
						
						
						
						
						
						
						
						
						
						
						
						
						
						
						
						
						
						
						
						
						
						
						
						
						
						
						
						
						
						
						
						
						
						
						
						
						
						
						
						
						
						
						
						
						
						
						
						
						
						
						
						
						
						
						
						
						
						
						
						
						
						
						
						
						
						
						
						
						
						
						
						
						
						
						
						
						
						
						
						
						
						
						
						
						
						
						
						
						
						
						
						
						
						
						
						
						
						
						
						
						
						
						
						
						
						
						
						
						
						
						
						
						
						
						
						
						
						
						
						
						
						
						
						
						
						
						
						
						
						
						
						
						
						
						
						
						
						
						
						
						
						
						
						
						
						
						
						
						
						
						
						
						
						
						
						
						
						
						
						
						
						
						
						
						
						
						
						
						
						
						
						
						
						
						
						
						
						
						
						
						
						
						
						
						
						
						
						
						
						
						
						
						
						
						
						
						
						
						
						
						
						
						
						
						
						
						
						
						
						
						
						
						
						
						
						
						
						
						
						
						
						
						
						
						
						
						
						
						
						
						
						
						
						
						
						
						
						
						
						
						
						
						
						
						
						
						
						
						
						
						
						
						
						
						
						
						
						
						
						
						
						
						
						
						
						
						
						
						
						
						
						
						
						
						
						
						
						
						
						
						
						
						
						
						
						
						
						
						
						
						
						
						
						
						
						
						
						
						
						
						
						
						
						
						
						
						
						
						
						
						
						
						
						
						
						
						
						
						
						
						
						
						
						
						
						
						
						
						
						
						
						
						
						
						
						
						
						
						
						
						
						
						
						
						
						
						
						
						
						
						
						
						
						
						
						
						
						
						
						
						
						
						
						
						
						
						
						
						
						
						
						
						
						
						
						
						
						
						
						
						
						
						
						
						
						
						
						
						
						
						
						
						
						
						
						
						
						
						
						
						
						
						
						
						
						
						
						
						
						
						
						
						
						
						
						
						
						
						
						
						
						
						
						
						
						
						
						
						
						
						
						
						
						
						
						
						
						
						
						
						
						
						
						
						
						
						
						
						
						
						
						
						
						
						
						
						
						
						
						
						
						
						
						
						
						
						
						
						
						
						
						
						
						
						
						
						
						
						
						
						
						
						
						
						
						
						
						
						
						
						
						
						
						
						
						
						
						
						
						
						
						
						
						
						
						
						
						
						
						
						
						
						
						
						
						
						
						
						
						
						
						
						
						
						
						
						
						
						
						
						
						
						
						
						
						
						
						
						
						
						
						
						
						
						
						
						
						
						
						
						
						
						
						
						
						
						
						
						
						
						
						
						
						
						
						
						
						
						
						
						
						
						
						
						
						
						
						
						
						
						
						
						
						
						
						
						
						
						
						
						
						
						
						
						
						
						
						
						
						
						
						
						
						
						
						
						
						
						
						
						
						
						
						
						
						
						
						
						
						
						
						
						
						
						
						
						
						
						
						
						
						
						
						
						
						
						
						
						
						
						
						
						
						
						
						
						
						
						
						
						
						
						
						
						
						
						
						
						
						
						
						
						
						
						
						
						
						
						
						
						
						
						
						
						
						
						
						
						
						
						
						
						
						
						
						
						
						
						
						
						
						
						
						
						
						
						
						
						
						
						
						
						
						
						
						
						
						
						
						
						
						
						
						
						
						
						
						
						
						
						
						
						
						
						
						
						
						
						
						
						
						
						
						
						
						
						
						
						
						
						
						
						
						
						
						
						
						
						
						
						
						
						
						
						
						
						
						
						
						
						
						
						
						
						
						
						
						
						
						
						
						
						
						
						
						
						
						
						
						
						
						
						
						
						
						
						
						
						
						
						
						
						
						
						
						
						
						
						
						
						
						
						
						
						
						
						
						
						
						
						
						
						
						
						
						
						
						
						
						
						
						
						
						
						
						
						
						
						
						
						
						
						
						
						
						
						
						
						
						
						
						
						
						
						
						
						
						
						
						
						
						
						
						
						
						
						
						
						
						
						
						
						
						
						
						
						
						
						
						
						
						
						
						
						
						
						
						
						
						
						
						
						
						
						
						
						
						
						
						
						
						
						
						
						
						
						
						
						
						
						
						
						
						
						
						
						
						
						
						
						
						
						
						
						
						
						
						
						
						
						
						
						
						
						
						
						
						
						
						
						
						
						
						
						
						
						
						
						
						
						
						
						
						
						
						
						
						
						
						
						
						
						
						
