-0.02	-0.01	-0.01	-0.03	-0.02	-0.03	
-0.07	-0.04	-0.03	-0.08	-0.05	-0.07	
-0.17	-0.10	-0.06	-0.17	-0.11	-0.14	
-0.33	-0.19	-0.10	-0.27	-0.16	-0.20	
-0.53	-0.28	-0.14	-0.37	-0.18	-0.22	
-0.76	-0.39	-0.18	-0.45	-0.18	-0.20	
-1.02	-0.50	-0.23	-0.53	-0.17	-0.14	
-1.28	-0.62	-0.30	-0.63	-0.16	-0.08	
-1.53	-0.73	-0.37	-0.76	-0.17	-0.03	
-1.78	-0.84	-0.45	-0.93	-0.22	-0.02	
-2.01	-0.95	-0.53	-1.14	-0.31	-0.04	
-2.22	-1.06	-0.63	-1.38	-0.42	-0.10	
-2.42	-1.16	-0.74	-1.63	-0.55	-0.18	
-2.59	-1.27	-0.86	-1.88	-0.69	-0.27	
-2.74	-1.36	-0.99	-2.13	-0.83	-0.37	
-2.87	-1.46	-1.12	-2.38	-0.97	-0.48	
-2.96	-1.54	-1.25	-2.62	-1.11	-0.59	
-3.02	-1.61	-1.38	-2.87	-1.24	-0.71	
-3.06	-1.67	-1.51	-3.11	-1.37	-0.82	
-3.07	-1.73	-1.64	-3.36	-1.49	-0.93	
-3.06	-1.77	-1.75	-3.61	-1.60	-1.02	
-3.03	-1.80	-1.86	-3.85	-1.70	-1.10	
-2.98	-1.82	-1.96	-4.09	-1.77	-1.17	
-2.91	-1.84	-2.04	-4.30	-1.83	-1.20	
-2.85	-1.84	-2.11	-4.49	-1.86	-1.21	
-2.78	-1.85	-2.18	-4.65	-1.87	-1.18	
-2.72	-1.84	-2.23	-4.79	-1.85	-1.13	
-2.65	-1.82	-2.26	-4.90	-1.81	-1.04	
-2.59	-1.79	-2.26	-4.99	-1.74	-0.92	
-2.51	-1.74	-2.24	-5.03	-1.63	-0.77	
-2.44	-1.67	-2.19	-5.04	-1.51	-0.57	
-2.35	-1.58	-2.11	-5.03	-1.37	-0.36	
-2.26	-1.47	-2.01	-4.99	-1.23	-0.13	
-2.16	-1.34	-1.88	-4.93	-1.10	0.09	
-2.06	-1.21	-1.74	-4.87	-0.97	0.32	
-1.96	-1.07	-1.58	-4.80	-0.85	0.55	
-1.86	-0.93	-1.42	-4.72	-0.73	0.80	
-1.76	-0.80	-1.27	-4.61	-0.60	1.06	
-1.67	-0.67	-1.12	-4.48	-0.46	1.33	
-1.60	-0.56	-0.98	-4.33	-0.30	1.62	
-1.54	-0.47	-0.85	-4.15	-0.13	1.91	
-1.49	-0.39	-0.73	-3.96	0.05	2.21	
-1.46	-0.34	-0.63	-3.75	0.23	2.51	
-1.44	-0.31	-0.54	-3.53	0.42	2.81	
-1.42	-0.28	-0.47	-3.30	0.61	3.09	
-1.41	-0.26	-0.40	-3.08	0.79	3.35	
-1.39	-0.25	-0.33	-2.86	0.97	3.60	
-1.38	-0.24	-0.26	-2.64	1.15	3.82	
-1.37	-0.24	-0.20	-2.43	1.33	4.05	
-1.37	-0.25	-0.15	-2.21	1.52	4.27	
-1.38	-0.26	-0.11	-1.99	1.71	4.49	
-1.39	-0.29	-0.08	-1.77	1.91	4.69	
-1.41	-0.32	-0.05	-1.55	2.10	4.87	
-1.43	-0.35	-0.02	-1.34	2.29	5.04	
-1.46	-0.39	0.01	-1.13	2.46	5.18	
-1.51	-0.44	0.03	-0.94	2.61	5.30	
-1.57	-0.49	0.04	-0.78	2.72	5.39	
-1.65	-0.54	0.03	-0.65	2.80	5.43	
-1.73	-0.60	0.03	-0.57	2.82	5.43	
-1.83	-0.66	0.02	-0.52	2.81	5.38	
-1.93	-0.73	0.00	-0.52	2.76	5.30	
-2.05	-0.80	-0.03	-0.57	2.67	5.18	
-2.17	-0.88	-0.07	-0.65	2.56	5.04	
-2.30	-0.97	-0.13	-0.77	2.42	4.86	
-2.43	-1.05	-0.19	-0.93	2.26	4.64	
-2.55	-1.13	-0.25	-1.10	2.09	4.41	
-2.66	-1.21	-0.31	-1.29	1.92	4.17	
-2.76	-1.28	-0.38	-1.48	1.75	3.93	
-2.85	-1.35	-0.45	-1.67	1.59	3.69	
-2.92	-1.40	-0.51	-1.87	1.42	3.44	
-2.96	-1.43	-0.56	-2.08	1.22	3.17	
-2.97	-1.45	-0.59	-2.32	1.00	2.88	
-2.97	-1.44	-0.61	-2.56	0.76	2.57	
-2.94	-1.41	-0.61	-2.81	0.50	2.25	
-2.89	-1.36	-0.61	-3.05	0.24	1.93	
-2.84	-1.31	-0.61	-3.28	-0.02	1.62	
-2.78	-1.25	-0.60	-3.49	-0.26	1.34	
-2.71	-1.18	-0.58	-3.67	-0.47	1.08	
-2.62	-1.10	-0.56	-3.81	-0.63	0.88	
-2.53	-1.02	-0.55	-3.92	-0.76	0.73	
-2.43	-0.94	-0.53	-3.98	-0.83	0.63	
-2.33	-0.86	-0.53	-4.01	-0.87	0.57	
-2.23	-0.80	-0.53	-4.01	-0.88	0.53	
-2.13	-0.75	-0.54	-4.00	-0.86	0.52	
-2.05	-0.71	-0.56	-3.97	-0.84	0.53	
-1.98	-0.69	-0.59	-3.93	-0.80	0.54	
-1.93	-0.68	-0.62	-3.86	-0.76	0.56	
-1.89	-0.67	-0.66	-3.78	-0.72	0.57	
-1.85	-0.66	-0.68	-3.69	-0.68	0.58	
-1.82	-0.65	-0.69	-3.60	-0.64	0.58	
-1.80	-0.62	-0.68	-3.49	-0.60	0.59	
-1.77	-0.59	-0.67	-3.38	-0.55	0.61	
-1.74	-0.56	-0.64	-3.26	-0.48	0.66	
-1.72	-0.52	-0.62	-3.13	-0.39	0.73	
-1.71	-0.48	-0.59	-2.98	-0.28	0.83	
-1.71	-0.46	-0.57	-2.81	-0.15	0.96	
-1.72	-0.47	-0.57	-2.63	-0.01	1.10	
-1.76	-0.49	-0.60	-2.45	0.12	1.24	
-1.80	-0.54	-0.65	-2.28	0.23	1.37	
-1.85	-0.60	-0.71	-2.11	0.33	1.48	
-1.90	-0.66	-0.78	-1.97	0.41	1.56	
-1.94	-0.72	-0.84	-1.84	0.48	1.63	
-1.97	-0.78	-0.88	-1.74	0.54	1.69	
-1.98	-0.82	-0.93	-1.66	0.59	1.74	
-1.99	-0.85	-0.96	-1.61	0.62	1.78	
-1.99	-0.87	-1.00	-1.57	0.64	1.80	
-2.00	-0.89	-1.02	-1.53	0.66	1.81	
-2.01	-0.89	-1.03	-1.50	0.68	1.81	
-2.02	-0.90	-1.04	-1.46	0.70	1.82	
-2.03	-0.90	-1.03	-1.40	0.73	1.83	
-2.04	-0.89	-1.03	-1.34	0.77	1.86	
-2.06	-0.89	-1.02	-1.26	0.82	1.89	
-2.08	-0.89	-1.02	-1.18	0.87	1.93	
-2.11	-0.90	-1.01	-1.11	0.91	1.95	
-2.14	-0.92	-1.02	-1.04	0.95	1.97	
-2.19	-0.96	-1.04	-0.99	0.96	1.98	
-2.25	-1.01	-1.08	-0.97	0.95	1.98	
-2.31	-1.08	-1.14	-0.98	0.92	1.97	
-2.38	-1.15	-1.21	-1.01	0.86	1.95	
-2.44	-1.22	-1.27	-1.08	0.80	1.92	
-2.49	-1.28	-1.33	-1.16	0.72	1.89	
-2.52	-1.33	-1.39	-1.26	0.63	1.87	
-2.55	-1.38	-1.43	-1.35	0.56	1.86	
-2.57	-1.42	-1.48	-1.44	0.48	1.87	
-2.59	-1.46	-1.53	-1.52	0.43	1.88	
-2.60	-1.50	-1.57	-1.60	0.38	1.91	
-2.61	-1.53	-1.61	-1.66	0.33	1.95	
-2.62	-1.56	-1.63	-1.73	0.30	2.00	
-2.63	-1.59	-1.65	-1.78	0.28	2.06	
-2.65	-1.61	-1.66	-1.84	0.26	2.12	
-2.66	-1.64	-1.66	-1.90	0.26	2.20	
-2.68	-1.65	-1.66	-1.96	0.27	2.29	
-2.70	-1.66	-1.64	-2.00	0.32	2.40	
-2.71	-1.66	-1.61	-2.01	0.41	2.55	
-2.74	-1.66	-1.57	-1.98	0.53	2.73	
-2.78	-1.65	-1.53	-1.92	0.68	2.93	
-2.83	-1.64	-1.48	-1.84	0.85	3.13	
-2.89	-1.61	-1.42	-1.77	1.02	3.32	
-2.94	-1.57	-1.35	-1.69	1.18	3.49	
-2.98	-1.50	-1.26	-1.63	1.31	3.64	
-2.99	-1.41	-1.15	-1.58	1.42	3.75	
-2.99	-1.31	-1.02	-1.54	1.49	3.82	
-2.96	-1.18	-0.88	-1.51	1.53	3.84	
-2.91	-1.04	-0.74	-1.49	1.56	3.84	
-2.83	-0.90	-0.60	-1.46	1.58	3.82	
-2.72	-0.75	-0.46	-1.39	1.62	3.82	
-2.59	-0.60	-0.32	-1.30	1.67	3.84	
-2.43	-0.45	-0.19	-1.16	1.76	3.89	
-2.26	-0.31	-0.06	-1.01	1.87	3.95	
-2.08	-0.18	0.06	-0.83	2.00	4.04	
-1.89	-0.05	0.17	-0.66	2.14	4.13	
-1.69	0.08	0.29	-0.49	2.28	4.24	
-1.49	0.21	0.41	-0.33	2.41	4.33	
-1.28	0.35	0.55	-0.20	2.51	4.38	
-1.06	0.50	0.69	-0.11	2.57	4.39	
-0.83	0.66	0.84	-0.04	2.59	4.34	
-0.60	0.83	0.99	0.02	2.58	4.26	
-0.37	1.00	1.15	0.08	2.55	4.15	
-0.13	1.18	1.30	0.16	2.51	4.03	
0.12	1.36	1.46	0.27	2.45	3.89	
0.39	1.55	1.61	0.39	2.39	3.73	
0.67	1.75	1.76	0.54	2.31	3.54	
0.97	1.95	1.90	0.69	2.23	3.34	
1.28	2.14	2.03	0.87	2.14	3.14	
1.61	2.33	2.14	1.06	2.06	2.95	
1.94	2.50	2.24	1.26	1.97	2.76	
2.28	2.66	2.31	1.46	1.88	2.57	
2.61	2.81	2.37	1.66	1.78	2.36	
2.94	2.94	2.41	1.83	1.67	2.14	
3.26	3.06	2.43	2.00	1.56	1.94	
3.57	3.16	2.44	2.16	1.44	1.75	
3.86	3.24	2.44	2.30	1.33	1.60	
4.12	3.30	2.42	2.43	1.23	1.45	
4.35	3.35	2.40	2.54	1.14	1.33	
4.55	3.37	2.36	2.64	1.07	1.22	
4.70	3.37	2.31	2.75	1.03	1.16	
4.81	3.34	2.25	2.87	1.04	1.16	
4.87	3.29	2.18	3.02	1.08	1.21	
4.90	3.23	2.11	3.17	1.17	1.31	
4.90	3.16	2.05	3.33	1.28	1.43	
4.90	3.10	2.00	3.49	1.40	1.57	
4.88	3.03	1.98	3.65	1.54	1.74	
4.86	2.98	1.96	3.82	1.70	1.94	
4.84	2.94	1.97	3.99	1.88	2.17	
4.83	2.90	1.99	4.17	2.08	2.42	
4.84	2.89	2.03	4.36	2.29	2.68	
4.87	2.90	2.09	4.54	2.52	2.95	
4.92	2.93	2.17	4.73	2.77	3.24	
4.99	2.98	2.26	4.92	3.02	3.54	
5.09	3.05	2.38	5.13	3.28	3.84	
5.21	3.15	2.51	5.32	3.52	4.12	
5.36	3.27	2.65	5.49	3.73	4.36	
5.52	3.40	2.80	5.62	3.90	4.55	
5.71	3.55	2.96	5.73	4.03	4.69	
5.90	3.70	3.12	5.80	4.12	4.79	
6.10	3.86	3.28	5.87	4.18	4.86	
6.30	4.02	3.43	5.92	4.22	4.90	
6.49	4.17	3.56	5.97	4.25	4.90	
6.66	4.29	3.68	6.01	4.25	4.89	
6.81	4.40	3.78	6.04	4.25	4.85	
6.93	4.48	3.85	6.09	4.26	4.83	
7.03	4.54	3.91	6.16	4.26	4.81	
7.11	4.59	3.96	6.24	4.28	4.79	
7.16	4.62	4.00	6.33	4.29	4.77	
7.19	4.65	4.03	6.40	4.29	4.72	
7.20	4.66	4.07	6.46	4.28	4.66	
7.17	4.66	4.09	6.49	4.25	4.58	
7.12	4.64	4.09	6.51	4.20	4.50	
7.03	4.60	4.09	6.51	4.14	4.41	
6.91	4.56	4.07	6.48	4.07	4.32	
6.76	4.49	4.04	6.44	4.00	4.21	
6.59	4.41	4.00	6.37	3.92	4.09	
6.39	4.32	3.94	6.28	3.82	3.98	
6.17	4.22	3.87	6.16	3.70	3.86	
5.94	4.11	3.79	6.02	3.57	3.73	
5.70	4.00	3.71	5.85	3.41	3.58	
5.46	3.89	3.63	5.67	3.23	3.42	
5.22	3.78	3.55	5.46	3.05	3.24	
4.97	3.67	3.47	5.24	2.87	3.07	
4.73	3.56	3.38	5.02	2.69	2.91	
4.49	3.45	3.29	4.79	2.51	2.77	
4.25	3.33	3.19	4.56	2.36	2.63	
4.01	3.22	3.09	4.34	2.22	2.52	
3.77	3.10	3.00	4.14	2.11	2.42	
3.54	2.99	2.90	3.97	2.03	2.35	
3.31	2.87	2.80	3.82	1.99	2.31	
3.08	2.75	2.69	3.71	1.96	2.30	
2.86	2.63	2.57	3.62	1.94	2.31	
2.64	2.50	2.45	3.55	1.94	2.31	
2.44	2.38	2.33	3.50	1.94	2.31	
2.25	2.26	2.20	3.47	1.94	2.32	
2.08	2.14	2.08	3.47	1.95	2.35	
1.92	2.02	1.95	3.49	1.98	2.40	
1.77	1.90	1.81	3.55	2.03	2.47	
1.63	1.78	1.68	3.62	2.09	2.55	
1.50	1.66	1.55	3.68	2.16	2.62	
1.38	1.55	1.42	3.73	2.21	2.70	
1.26	1.43	1.29	3.76	2.26	2.77	
1.16	1.32	1.16	3.77	2.30	2.84	
1.06	1.21	1.04	3.76	2.33	2.90	
0.98	1.12	0.93	3.70	2.33	2.93	
0.92	1.05	0.84	3.60	2.30	2.92	
0.87	0.99	0.77	3.47	2.26	2.89	
0.82	0.93	0.71	3.33	2.20	2.86	
0.77	0.88	0.65	3.18	2.15	2.82	
0.71	0.84	0.61	3.04	2.10	2.79	
0.65	0.81	0.57	2.89	2.05	2.76	
0.60	0.79	0.55	2.75	2.00	2.73	
0.54	0.77	0.54	2.61	1.96	2.71	
0.48	0.76	0.54	2.48	1.93	2.71	
0.41	0.75	0.54	2.35	1.90	2.72	
0.32	0.74	0.54	2.22	1.88	2.73	
0.23	0.72	0.53	2.10	1.87	2.76	
0.12	0.70	0.52	1.98	1.88	2.79	
0.02	0.67	0.51	1.87	1.89	2.84	
-0.10	0.63	0.49	1.77	1.91	2.90	
-0.22	0.59	0.46	1.65	1.93	2.96	
-0.33	0.55	0.43	1.52	1.94	3.00	
-0.44	0.51	0.41	1.36	1.92	3.02	
-0.54	0.48	0.39	1.17	1.87	3.01	
-0.61	0.45	0.37	0.96	1.79	2.96	
-0.67	0.45	0.38	0.74	1.69	2.90	
-0.69	0.45	0.38	0.53	1.59	2.83	
-0.70	0.46	0.40	0.34	1.51	2.76	
-0.68	0.48	0.42	0.17	1.44	2.70	
-0.65	0.51	0.45	0.02	1.39	2.64	
-0.59	0.53	0.47	-0.11	1.35	2.59	
-0.52	0.56	0.50	-0.24	1.33	2.55	
-0.42	0.59	0.52	-0.35	1.31	2.53	
-0.30	0.63	0.56	-0.44	1.32	2.52	
-0.15	0.69	0.60	-0.51	1.33	2.53	
0.03	0.76	0.65	-0.57	1.35	2.54	
0.24	0.86	0.72	-0.63	1.37	2.55	
0.47	0.96	0.80	-0.69	1.38	2.55	
0.72	1.08	0.89	-0.75	1.38	2.55	
0.98	1.21	0.98	-0.81	1.36	2.53	
1.23	1.33	1.06	-0.87	1.32	2.49	
1.48	1.44	1.14	-0.92	1.28	2.43	
1.72	1.55	1.20	-0.95	1.22	2.35	
1.96	1.66	1.27	-0.97	1.17	2.26	
2.19	1.76	1.33	-0.96	1.12	2.19	
2.43	1.86	1.39	-0.92	1.09	2.13	
2.67	1.96	1.45	-0.83	1.09	2.09	
2.90	2.06	1.51	-0.70	1.12	2.08	
3.12	2.15	1.58	-0.53	1.18	2.09	
3.33	2.23	1.64	-0.33	1.25	2.13	
3.52	2.31	1.70	-0.12	1.34	2.20	
3.71	2.38	1.76	0.09	1.43	2.29	
3.89	2.45	1.82	0.31	1.53	2.38	
4.08	2.52	1.89	0.51	1.63	2.49	
4.26	2.60	1.96	0.72	1.75	2.61	
4.44	2.68	2.04	0.93	1.88	2.75	
4.63	2.76	2.12	1.16	2.02	2.90	
4.80	2.84	2.19	1.40	2.18	3.06	
4.97	2.90	2.27	1.64	2.35	3.22	
5.14	2.96	2.34	1.89	2.51	3.37	
5.30	3.03	2.40	2.15	2.67	3.51	
5.46	3.09	2.47	2.43	2.83	3.63	
5.61	3.14	2.53	2.73	2.98	3.74	
5.75	3.19	2.59	3.05	3.12	3.84	
5.88	3.23	2.63	3.40	3.26	3.92	
5.99	3.25	2.65	3.75	3.40	3.98	
6.09	3.26	2.66	4.10	3.51	4.01	
6.17	3.27	2.66	4.46	3.61	4.03	
6.24	3.27	2.65	4.81	3.69	4.02	
6.31	3.27	2.63	5.16	3.76	3.99	
6.36	3.26	2.60	5.50	3.82	3.95	
6.40	3.25	2.57	5.83	3.88	3.89	
6.43	3.23	2.54	6.15	3.95	3.84	
6.44	3.20	2.48	6.46	4.02	3.80	
6.43	3.15	2.41	6.76	4.11	3.77	
6.40	3.09	2.33	7.05	4.20	3.74	
6.36	3.01	2.23	7.32	4.29	3.72	
6.30	2.92	2.13	7.58	4.38	3.70	
6.24	2.83	2.02	7.81	4.48	3.68	
6.17	2.74	1.91	8.04	4.58	3.67	
6.09	2.65	1.80	8.25	4.68	3.68	
6.00	2.55	1.68	8.45	4.77	3.69	
5.90	2.45	1.57	8.63	4.86	3.71	
5.79	2.34	1.45	8.78	4.93	3.72	
5.66	2.23	1.33	8.92	4.99	3.72	
5.52	2.12	1.21	9.02	5.03	3.74	
5.38	2.02	1.10	9.09	5.06	3.76	
5.24	1.93	1.00	9.13	5.08	3.79	
5.10	1.85	0.91	9.13	5.09	3.83	
4.97	1.79	0.84	9.09	5.10	3.86	
4.83	1.73	0.78	9.02	5.11	3.91	
4.69	1.67	0.73	8.93	5.13	3.98	
4.56	1.62	0.68	8.82	5.17	4.09	
4.43	1.58	0.63	8.70	5.22	4.22	
4.31	1.53	0.60	8.56	5.27	4.36	
4.20	1.50	0.58	8.40	5.31	4.50	
4.10	1.48	0.57	8.22	5.36	4.63	
4.01	1.47	0.58	8.03	5.40	4.77	
3.95	1.48	0.61	7.83	5.43	4.91	
3.89	1.50	0.65	7.60	5.43	5.04	
3.85	1.53	0.70	7.35	5.40	5.14	
3.80	1.57	0.76	7.07	5.35	5.21	
3.76	1.61	0.82	6.78	5.27	5.24	
3.72	1.65	0.88	6.47	5.17	5.27	
3.67	1.68	0.93	6.16	5.06	5.28	
3.62	1.71	0.98	5.87	4.95	5.30	
3.56	1.73	1.01	5.57	4.84	5.32	
3.49	1.73	1.02	5.28	4.71	5.31	
3.42	1.73	1.03	4.98	4.57	5.27	
3.34	1.72	1.03	4.67	4.41	5.22	
3.27	1.70	1.02	4.36	4.25	5.16	
3.19	1.67	1.00	4.06	4.09	5.10	
3.11	1.63	0.97	3.77	3.94	5.04	
3.03	1.58	0.92	3.49	3.79	4.97	
2.95	1.52	0.87	3.21	3.65	4.88	
2.87	1.44	0.80	2.91	3.49	4.78	
2.78	1.36	0.71	2.61	3.33	4.67	
2.68	1.26	0.62	2.30	3.16	4.55	
2.59	1.16	0.51	1.97	2.99	4.42	
2.50	1.06	0.41	1.64	2.81	4.29	
2.43	0.97	0.32	1.30	2.64	4.14	
2.36	0.90	0.24	0.94	2.45	3.99	
2.31	0.83	0.17	0.58	2.26	3.83	
2.25	0.78	0.11	0.22	2.07	3.68	
2.20	0.73	0.06	-0.14	1.88	3.52	
2.15	0.69	0.01	-0.50	1.68	3.36	
2.10	0.65	-0.03	-0.85	1.49	3.17	
2.05	0.61	-0.07	-1.20	1.28	2.96	
1.99	0.57	-0.11	-1.55	1.06	2.73	
1.94	0.54	-0.14	-1.89	0.83	2.48	
1.89	0.52	-0.15	-2.21	0.60	2.22	
1.84	0.50	-0.16	-2.50	0.36	1.95	
1.80	0.50	-0.15	-2.77	0.14	1.68	
1.77	0.50	-0.13	-3.00	-0.08	1.40	
1.75	0.52	-0.09	-3.20	-0.29	1.13	
1.74	0.54	-0.05	-3.34	-0.49	0.88	
1.74	0.57	-0.00	-3.44	-0.67	0.64	
1.73	0.59	0.05	-3.51	-0.84	0.41	
1.73	0.61	0.09	-3.55	-1.01	0.16	
1.72	0.62	0.13	-3.59	-1.18	-0.08	
1.71	0.63	0.15	-3.62	-1.34	-0.32	
1.71	0.63	0.17	-3.65	-1.49	-0.54	
1.71	0.63	0.18	-3.65	-1.62	-0.72	
1.71	0.63	0.19	-3.64	-1.72	-0.88	
1.72	0.62	0.19	-3.59	-1.78	-1.00	
1.72	0.59	0.17	-3.52	-1.79	-1.09	
1.71	0.56	0.14	-3.42	-1.76	-1.12	
1.72	0.53	0.10	-3.28	-1.69	-1.10	
1.73	0.49	0.06	-3.12	-1.58	-1.05	
1.76	0.46	0.02	-2.95	-1.46	-0.99	
1.79	0.43	-0.01	-2.77	-1.34	-0.93	
1.83	0.41	-0.04	-2.60	-1.22	-0.89	
1.88	0.38	-0.06	-2.44	-1.11	-0.87	
1.93	0.36	-0.08	-2.29	-1.02	-0.86	
2.00	0.35	-0.10	-2.15	-0.94	-0.86	
2.07	0.35	-0.10	-2.00	-0.87	-0.87	
2.16	0.36	-0.10	-1.84	-0.80	-0.90	
2.26	0.38	-0.10	-1.66	-0.71	-0.91	
2.37	0.41	-0.08	-1.46	-0.60	-0.91	
2.47	0.45	-0.06	-1.23	-0.47	-0.86	
2.59	0.49	-0.04	-0.99	-0.32	-0.78	
2.71	0.54	-0.01	-0.76	-0.17	-0.68	
2.83	0.60	0.03	-0.54	-0.02	-0.56	
2.96	0.66	0.07	-0.34	0.12	-0.44	
3.08	0.72	0.11	-0.15	0.27	-0.31	
3.20	0.78	0.16	0.04	0.42	-0.15	
3.31	0.83	0.20	0.21	0.57	0.02	
3.42	0.89	0.24	0.38	0.71	0.20	
3.51	0.94	0.27	0.52	0.83	0.37	
3.60	0.98	0.31	0.64	0.93	0.53	
3.66	1.01	0.33	0.74	1.00	0.66	
3.71	1.03	0.35	0.83	1.05	0.78	
3.75	1.04	0.35	0.90	1.08	0.89	
3.77	1.04	0.35	0.95	1.09	0.98	
3.80	1.04	0.35	0.99	1.07	1.04	
3.82	1.04	0.34	1.00	1.03	1.06	
3.84	1.04	0.34	0.98	0.95	1.05	
3.86	1.03	0.34	0.94	0.86	1.01	
3.88	1.03	0.34	0.87	0.76	0.96	
3.89	1.02	0.35	0.79	0.65	0.89	
3.90	1.01	0.35	0.69	0.53	0.81	
3.90	1.00	0.36	0.55	0.41	0.71	
3.88	0.98	0.37	0.39	0.27	0.59	
3.86	0.95	0.38	0.20	0.13	0.46	
3.81	0.92	0.37	-0.01	-0.02	0.31	
3.75	0.87	0.36	-0.23	-0.17	0.15	
3.68	0.81	0.34	-0.47	-0.34	-0.03	
3.59	0.76	0.32	-0.72	-0.50	-0.22	
3.50	0.70	0.30	-0.96	-0.66	-0.42	
3.40	0.64	0.27	-1.20	-0.81	-0.61	
3.30	0.59	0.23	-1.42	-0.94	-0.78	
3.19	0.53	0.18	-1.62	-1.07	-0.94	
3.09	0.47	0.13	-1.82	-1.19	-1.12	
2.98	0.41	0.07	-2.02	-1.33	-1.32	
2.88	0.35	0.00	-2.25	-1.50	-1.56	
2.79	0.28	-0.07	-2.49	-1.70	-1.84	
2.69	0.21	-0.16	-2.74	-1.94	-2.14	
2.60	0.15	-0.25	-2.98	-2.19	-2.46	
2.53	0.08	-0.34	-3.21	-2.45	-2.79	
2.46	0.03	-0.42	-3.41	-2.70	-3.13	
2.39	-0.02	-0.50	-3.60	-2.93	-3.45	
2.34	-0.07	-0.58	-3.77	-3.15	-3.75	
2.28	-0.12	-0.66	-3.93	-3.35	-4.03	
2.23	-0.17	-0.74	-4.08	-3.53	-4.29	
2.18	-0.21	-0.81	-4.23	-3.71	-4.53	
2.15	-0.25	-0.86	-4.41	-3.88	-4.78	
2.13	-0.27	-0.90	-4.60	-4.06	-5.02	
2.11	-0.28	-0.93	-4.83	-4.25	-5.26	
2.10	-0.28	-0.94	-5.07	-4.44	-5.49	
2.11	-0.27	-0.93	-5.31	-4.62	-5.69	
2.12	-0.24	-0.91	-5.55	-4.79	-5.86	
2.13	-0.20	-0.86	-5.76	-4.93	-6.00	
2.15	-0.15	-0.78	-5.95	-5.03	-6.11	
2.17	-0.08	-0.70	-6.11	-5.10	-6.16	
2.18	-0.01	-0.59	-6.23	-5.12	-6.17	
2.19	0.07	-0.48	-6.32	-5.11	-6.13	
2.20	0.16	-0.36	-6.39	-5.07	-6.07	
2.22	0.25	-0.23	-6.45	-5.02	-5.99	
2.23	0.34	-0.08	-6.50	-4.95	-5.91	
2.23	0.44	0.06	-6.54	-4.88	-5.82	
2.22	0.53	0.20	-6.58	-4.81	-5.73	
2.20	0.60	0.33	-6.62	-4.76	-5.66	
2.17	0.66	0.44	-6.68	-4.72	-5.59	
2.13	0.71	0.55	-6.74	-4.71	-5.55	
2.09	0.75	0.64	-6.81	-4.72	-5.53	
2.05	0.79	0.72	-6.87	-4.73	-5.52	
2.00	0.81	0.79	-6.90	-4.75	-5.50	
1.95	0.82	0.83	-6.91	-4.76	-5.48	
1.89	0.81	0.86	-6.89	-4.77	-5.46	
1.82	0.78	0.87	-6.85	-4.78	-5.44	
1.75	0.75	0.86	-6.79	-4.78	-5.43	
1.68	0.71	0.84	-6.71	-4.78	-5.41	
1.61	0.66	0.81	-6.62	-4.75	-5.37	
1.54	0.62	0.77	-6.50	-4.71	-5.32	
1.46	0.57	0.73	-6.38	-4.66	-5.26	
1.40	0.53	0.68	-6.26	-4.60	-5.19	
1.33	0.49	0.62	-6.15	-4.54	-5.12	
1.26	0.45	0.56	-6.04	-4.47	-5.05	
1.19	0.40	0.49	-5.94	-4.39	-4.98	
1.10	0.35	0.41	-5.84	-4.30	-4.89	
1.00	0.27	0.30	-5.73	-4.18	-4.78	
0.88	0.18	0.18	-5.63	-4.06	-4.66	
0.75	0.08	0.05	-5.55	-3.92	-4.53	
0.61	-0.03	-0.09	-5.48	-3.77	-4.38	
0.48	-0.14	-0.23	-5.43	-3.63	-4.24	
0.35	-0.25	-0.36	-5.40	-3.50	-4.09	
0.23	-0.35	-0.48	-5.39	-3.37	-3.94	
0.13	-0.44	-0.58	-5.39	-3.26	-3.82	
0.04	-0.51	-0.66	-5.40	-3.16	-3.71	
-0.03	-0.57	-0.71	-5.43	-3.08	-3.62	
-0.08	-0.61	-0.74	-5.46	-3.02	-3.57	
-0.11	-0.63	-0.75	-5.48	-2.99	-3.55	
-0.12	-0.63	-0.75	-5.51	-2.99	-3.57	
-0.12	-0.63	-0.72	-5.54	-3.01	-3.62	
-0.10	-0.61	-0.69	-5.56	-3.07	-3.73	
-0.06	-0.57	-0.64	-5.59	-3.15	-3.87	
0.01	-0.52	-0.58	-5.63	-3.26	-4.04	
0.11	-0.45	-0.50	-5.67	-3.38	-4.23	
0.23	-0.37	-0.41	-5.70	-3.52	-4.44	
0.35	-0.29	-0.32	-5.73	-3.65	-4.65	
0.47	-0.21	-0.23	-5.73	-3.78	-4.86	
0.58	-0.14	-0.15	-5.72	-3.89	-5.06	
0.67	-0.08	-0.08	-5.69	-4.00	-5.25	
0.76	-0.03	-0.01	-5.64	-4.11	-5.43	
0.84	0.02	0.05	-5.58	-4.21	-5.61	
0.91	0.07	0.11	-5.50	-4.30	-5.77	
0.98	0.12	0.17	-5.40	-4.38	-5.92	
1.04	0.17	0.23	-5.28	-4.44	-6.06	
1.09	0.22	0.28	-5.15	-4.48	-6.16	
1.14	0.26	0.33	-5.00	-4.49	-6.24	
1.18	0.30	0.38	-4.85	-4.48	-6.28	
1.23	0.35	0.42	-4.69	-4.44	-6.29	
1.28	0.40	0.46	-4.54	-4.39	-6.28	
1.32	0.44	0.49	-4.39	-4.30	-6.25	
1.36	0.47	0.51	-4.24	-4.19	-6.19	
1.37	0.48	0.50	-4.08	-4.06	-6.10	
1.37	0.47	0.48	-3.92	-3.91	-5.99	
1.34	0.44	0.44	-3.76	-3.75	-5.88	
1.30	0.40	0.37	-3.62	-3.60	-5.78	
1.25	0.34	0.30	-3.50	-3.47	-5.70	
1.19	0.28	0.23	-3.41	-3.36	-5.65	
1.13	0.22	0.16	-3.35	-3.28	-5.61	
1.08	0.18	0.10	-3.30	-3.22	-5.59	
1.04	0.15	0.06	-3.28	-3.18	-5.59	
1.01	0.13	0.03	-3.28	-3.15	-5.59	
0.99	0.11	0.01	-3.29	-3.14	-5.60	
0.96	0.11	0.00	-3.31	-3.15	-5.61	
0.94	0.10	-0.01	-3.34	-3.15	-5.60	
0.92	0.10	-0.01	-3.37	-3.16	-5.58	
0.89	0.09	-0.02	-3.40	-3.16	-5.55	
0.87	0.09	-0.02	-3.42	-3.15	-5.50	
0.84	0.08	-0.03	-3.44	-3.14	-5.44	
0.82	0.08	-0.04	-3.45	-3.13	-5.38	
0.79	0.07	-0.04	-3.45	-3.11	-5.31	
0.76	0.07	-0.05	-3.43	-3.09	-5.23	
0.74	0.07	-0.05	-3.40	-3.07	-5.16	
0.71	0.07	-0.05	-3.35	-3.06	-5.09	
0.68	0.07	-0.06	-3.28	-3.04	-5.02	
0.66	0.07	-0.05	-3.20	-3.04	-4.96	
0.64	0.08	-0.05	-3.13	-3.06	-4.91	
0.64	0.10	-0.03	-3.05	-3.08	-4.89	
0.63	0.12	-0.01	-2.97	-3.13	-4.90	
0.63	0.13	0.02	-2.90	-3.19	-4.93	
0.62	0.14	0.05	-2.84	-3.28	-5.00	
0.61	0.15	0.07	-2.80	-3.38	-5.10	
0.61	0.15	0.10	-2.75	-3.49	-5.21	
0.60	0.15	0.13	-2.71	-3.61	-5.33	
0.60	0.16	0.17	-2.65	-3.70	-5.44	
0.61	0.18	0.21	-2.57	-3.76	-5.52	
0.62	0.20	0.27	-2.46	-3.78	-5.57	
0.62	0.22	0.32	-2.31	-3.74	-5.56	
0.63	0.24	0.37	-2.15	-3.66	-5.51	
0.65	0.27	0.42	-1.97	-3.54	-5.41	
0.67	0.30	0.48	-1.78	-3.39	-5.28	
0.69	0.33	0.54	-1.59	-3.23	-5.15	
0.73	0.37	0.59	-1.41	-3.06	-5.01	
0.76	0.40	0.64	-1.24	-2.88	-4.85	
0.80	0.43	0.68	-1.09	-2.71	-4.70	
0.85	0.46	0.72	-0.94	-2.54	-4.54	
0.89	0.49	0.76	-0.83	-2.38	-4.39	
0.94	0.53	0.79	-0.74	-2.23	-4.26	
0.99	0.56	0.83	-0.69	-2.11	-4.16	
1.04	0.60	0.86	-0.68	-2.01	-4.08	
1.08	0.63	0.88	-0.70	-1.92	-4.01	
1.12	0.67	0.90	-0.74	-1.85	-3.95	
1.15	0.70	0.92	-0.80	-1.80	-3.90	
1.18	0.73	0.94	-0.88	-1.75	-3.85	
1.21	0.76	0.96	-0.99	-1.72	-3.81	
1.23	0.80	0.97	-1.12	-1.69	-3.77	
1.24	0.83	0.99	-1.26	-1.68	-3.72	
1.26	0.87	1.01	-1.40	-1.66	-3.66	
1.28	0.91	1.04	-1.54	-1.63	-3.58	
1.31	0.96	1.08	-1.68	-1.59	-3.48	
1.34	1.01	1.11	-1.81	-1.54	-3.37	
1.38	1.06	1.14	-1.93	-1.48	-3.24	
1.41	1.09	1.17	-2.03	-1.40	-3.09	
1.43	1.11	1.18	-2.11	-1.31	-2.92	
1.46	1.13	1.20	-2.18	-1.21	-2.74	
1.49	1.14	1.21	-2.25	-1.12	-2.58	
1.51	1.15	1.22	-2.33	-1.06	-2.44	
1.54	1.16	1.24	-2.42	-1.02	-2.35	
1.55	1.17	1.25	-2.52	-1.03	-2.30	
1.56	1.17	1.27	-2.62	-1.06	-2.28	
1.57	1.18	1.28	-2.71	-1.13	-2.30	
1.57	1.17	1.30	-2.79	-1.21	-2.34	
1.55	1.16	1.32	-2.84	-1.30	-2.39	
1.53	1.14	1.33	-2.86	-1.39	-2.45	
1.49	1.11	1.33	-2.85	-1.45	-2.49	
1.43	1.07	1.32	-2.78	-1.48	-2.50	
1.37	1.03	1.31	-2.66	-1.46	-2.46	
1.31	0.98	1.30	-2.48	-1.39	-2.39	
1.25	0.94	1.30	-2.28	-1.30	-2.30	
1.20	0.90	1.29	-2.06	-1.18	-2.18	
1.17	0.87	1.28	-1.83	-1.06	-2.07	
1.13	0.84	1.27	-1.60	-0.95	-1.95	
1.10	0.80	1.25	-1.39	-0.85	-1.86	
1.07	0.76	1.23	-1.19	-0.78	-1.80	
1.03	0.72	1.20	-1.02	-0.73	-1.77	
0.99	0.67	1.16	-0.87	-0.70	-1.76	
0.95	0.62	1.11	-0.73	-0.69	-1.76	
0.92	0.58	1.06	-0.58	-0.67	-1.76	
0.89	0.54	1.01	-0.43	-0.65	-1.76	
0.87	0.50	0.96	-0.28	-0.61	-1.74	
0.84	0.46	0.90	-0.13	-0.58	-1.74	
0.80	0.42	0.84	-0.01	-0.56	-1.75	
0.76	0.38	0.78	0.08	-0.56	-1.77	
0.72	0.34	0.70	0.12	-0.58	-1.81	
0.68	0.30	0.63	0.14	-0.62	-1.87	
0.64	0.27	0.57	0.13	-0.67	-1.94	
0.61	0.25	0.51	0.11	-0.73	-2.03	
0.59	0.23	0.46	0.08	-0.79	-2.12	
0.59	0.23	0.41	0.04	-0.84	-2.20	
0.59	0.23	0.36	0.00	-0.90	-2.27	
0.61	0.24	0.33	-0.04	-0.95	-2.34	
0.63	0.26	0.30	-0.09	-1.01	-2.40	
0.67	0.29	0.30	-0.15	-1.08	-2.47	
0.70	0.33	0.31	-0.20	-1.15	-2.56	
0.74	0.38	0.34	-0.25	-1.22	-2.65	
0.77	0.44	0.38	-0.28	-1.29	-2.73	
0.81	0.50	0.43	-0.30	-1.35	-2.81	
0.85	0.58	0.50	-0.30	-1.41	-2.88	
0.89	0.65	0.57	-0.29	-1.45	-2.95	
0.94	0.73	0.66	-0.26	-1.49	-3.01	
0.97	0.81	0.74	-0.20	-1.50	-3.05	
1.00	0.88	0.81	-0.11	-1.47	-3.05	
1.02	0.94	0.89	0.02	-1.40	-3.00	
1.03	1.00	0.97	0.18	-1.30	-2.91	
1.04	1.05	1.05	0.37	-1.17	-2.79	
1.04	1.10	1.12	0.56	-1.02	-2.65	
1.04	1.15	1.20	0.76	-0.87	-2.51	
1.04	1.18	1.26	0.95	-0.72	-2.36	
1.02	1.20	1.31	1.14	-0.58	-2.21	
1.01	1.21	1.35	1.30	-0.45	-2.07	
1.00	1.21	1.38	1.45	-0.32	-1.93	
0.99	1.19	1.40	1.57	-0.20	-1.81	
0.98	1.17	1.41	1.68	-0.09	-1.69	
0.96	1.13	1.39	1.77	0.01	-1.58	
0.94	1.07	1.36	1.84	0.11	-1.47	
0.91	0.99	1.31	1.89	0.20	-1.37	
0.86	0.90	1.24	1.90	0.26	-1.28	
0.81	0.80	1.17	1.87	0.30	-1.22	
0.74	0.69	1.08	1.80	0.31	-1.18	
0.67	0.58	0.98	1.71	0.30	-1.15	
0.60	0.47	0.88	1.60	0.29	-1.12	
0.52	0.36	0.79	1.49	0.28	-1.07	
0.45	0.26	0.70	1.38	0.28	-1.00	
0.38	0.17	0.62	1.28	0.29	-0.91	
0.32	0.09	0.54	1.17	0.30	-0.81	
0.27	0.03	0.46	1.06	0.32	-0.70	
0.22	-0.03	0.39	0.95	0.33	-0.58	
0.18	-0.07	0.32	0.84	0.35	-0.46	
0.15	-0.10	0.27	0.73	0.36	-0.34	
0.13	-0.12	0.22	0.62	0.39	-0.22	
0.12	-0.13	0.19	0.52	0.41	-0.10	
0.13	-0.13	0.16	0.42	0.44	0.02	
0.15	-0.11	0.14	0.34	0.48	0.14	
0.18	-0.07	0.13	0.27	0.52	0.26	
0.22	-0.03	0.14	0.22	0.57	0.38	
0.27	0.02	0.15	0.17	0.61	0.48	
0.31	0.07	0.16	0.13	0.64	0.57	
0.34	0.11	0.16	0.08	0.64	0.62	
0.37	0.14	0.16	0.02	0.63	0.65	
0.38	0.17	0.16	-0.05	0.59	0.65	
0.39	0.20	0.16	-0.13	0.55	0.63	
0.39	0.23	0.17	-0.19	0.50	0.59	
0.39	0.25	0.19	-0.24	0.46	0.55	
0.39	0.28	0.21	-0.27	0.44	0.51	
0.38	0.30	0.22	-0.29	0.43	0.47	
0.37	0.32	0.25	-0.28	0.43	0.44	
0.35	0.33	0.27	-0.24	0.44	0.42	
0.32	0.34	0.28	-0.18	0.47	0.40	
0.27	0.33	0.29	-0.10	0.50	0.38	
0.21	0.30	0.28	-0.01	0.54	0.36	
0.14	0.26	0.25	0.09	0.58	0.33	
0.05	0.22	0.23	0.19	0.61	0.30	
-0.03	0.18	0.20	0.28	0.64	0.26	
-0.11	0.14	0.18	0.37	0.65	0.21	
-0.18	0.11	0.18	0.46	0.66	0.15	
-0.25	0.09	0.17	0.55	0.69	0.10	
-0.32	0.07	0.17	0.66	0.72	0.05	
-0.38	0.05	0.16	0.78	0.77	0.03	
-0.43	0.02	0.15	0.91	0.82	0.00	
-0.48	-0.00	0.13	1.02	0.86	-0.03	
-0.52	-0.04	0.10	1.13	0.88	-0.09	
-0.55	-0.07	0.07	1.22	0.88	-0.16	
-0.58	-0.11	0.02	1.30	0.87	-0.25	
-0.61	-0.15	-0.03	1.38	0.85	-0.34	
-0.63	-0.20	-0.09	1.45	0.82	-0.43	
-0.65	-0.26	-0.15	1.51	0.79	-0.52	
-0.67	-0.32	-0.23	1.57	0.75	-0.62	
-0.70	-0.39	-0.31	1.62	0.71	-0.72	
-0.72	-0.46	-0.39	1.66	0.66	-0.81	
-0.75	-0.54	-0.48	1.72	0.63	-0.89	
-0.78	-0.61	-0.56	1.78	0.61	-0.95	
-0.80	-0.68	-0.64	1.85	0.60	-0.99	
-0.82	-0.74	-0.72	1.92	0.59	-1.03	
-0.85	-0.81	-0.80	1.97	0.57	-1.08	
-0.89	-0.88	-0.88	2.01	0.53	-1.12	
-0.94	-0.96	-0.96	2.03	0.48	-1.17	
-1.02	-1.05	-1.05	2.03	0.42	-1.22	
-1.10	-1.14	-1.14	2.00	0.34	-1.27	
-1.18	-1.22	-1.22	1.95	0.25	-1.34	
-1.26	-1.29	-1.29	1.87	0.14	-1.42	
-1.33	-1.33	-1.34	1.76	0.00	-1.52	
-1.37	-1.36	-1.37	1.62	-0.16	-1.66	
-1.40	-1.36	-1.37	1.46	-0.34	-1.83	
-1.41	-1.34	-1.36	1.27	-0.56	-2.03	
-1.41	-1.31	-1.33	1.06	-0.79	-2.26	
-1.39	-1.27	-1.29	0.83	-1.03	-2.51	
-1.36	-1.21	-1.24	0.62	-1.28	-2.76	
-1.33	-1.15	-1.17	0.41	-1.51	-3.00	
-1.29	-1.08	-1.10	0.24	-1.73	-3.24	
-1.25	-1.01	-1.02	0.09	-1.92	-3.45	
-1.23	-0.95	-0.93	-0.05	-2.10	-3.65	
-1.21	-0.89	-0.84	-0.16	-2.25	-3.82	
-1.22	-0.85	-0.76	-0.27	-2.39	-3.97	
-1.24	-0.82	-0.68	-0.39	-2.53	-4.11	
-1.27	-0.79	-0.59	-0.51	-2.66	-4.25	
-1.31	-0.76	-0.51	-0.65	-2.80	-4.38	
-1.35	-0.74	-0.42	-0.80	-2.94	-4.51	
-1.38	-0.71	-0.32	-0.95	-3.05	-4.61	
-1.40	-0.67	-0.22	-1.07	-3.13	-4.67	
-1.41	-0.62	-0.12	-1.17	-3.18	-4.69	
-1.40	-0.56	-0.01	-1.22	-3.18	-4.66	
-1.37	-0.49	0.10	-1.24	-3.14	-4.59	
-1.32	-0.40	0.23	-1.22	-3.07	-4.47	
-1.26	-0.31	0.35	-1.17	-2.97	-4.33	
-1.19	-0.22	0.46	-1.11	-2.85	-4.17	
-1.12	-0.14	0.56	-1.04	-2.72	-3.98	
-1.05	-0.05	0.65	-0.97	-2.57	-3.78	
-0.97	0.02	0.73	-0.88	-2.42	-3.56	
-0.89	0.10	0.79	-0.79	-2.27	-3.35	
-0.81	0.16	0.85	-0.69	-2.12	-3.14	
-0.72	0.22	0.89	-0.59	-1.97	-2.94	
-0.64	0.27	0.91	-0.47	-1.82	-2.73	
-0.56	0.31	0.91	-0.34	-1.66	-2.52	
-0.47	0.33	0.90	-0.21	-1.50	-2.30	
-0.39	0.35	0.87	-0.06	-1.34	-2.07	
-0.30	0.36	0.83	0.09	-1.17	-1.83	
-0.21	0.37	0.79	0.24	-0.99	-1.59	
-0.12	0.37	0.75	0.39	-0.82	-1.34	
-0.01	0.38	0.71	0.52	-0.65	-1.08	
0.09	0.39	0.66	0.63	-0.49	-0.82	
0.20	0.39	0.61	0.72	-0.33	-0.57	
0.28	0.38	0.54	0.79	-0.18	-0.33	
0.34	0.35	0.44	0.84	-0.04	-0.10	
0.37	0.29	0.33	0.87	0.09	0.12	
0.38	0.21	0.20	0.88	0.22	0.32	
0.36	0.12	0.05	0.88	0.33	0.50	
0.34	0.02	-0.10	0.87	0.43	0.67	
0.31	-0.08	-0.24	0.85	0.51	0.81	
0.27	-0.17	-0.38	0.84	0.59	0.94	
0.22	-0.27	-0.52	0.84	0.65	1.05	
0.17	-0.36	-0.66	0.84	0.70	1.14	
0.11	-0.46	-0.79	0.84	0.74	1.22	
0.04	-0.55	-0.91	0.85	0.77	1.28	
-0.03	-0.63	-1.02	0.85	0.78	1.31	
-0.10	-0.70	-1.12	0.84	0.76	1.31	
-0.16	-0.76	-1.21	0.82	0.72	1.28	
-0.22	-0.80	-1.27	0.78	0.66	1.20	
-0.28	-0.83	-1.31	0.74	0.59	1.10	
-0.34	-0.84	-1.33	0.69	0.50	0.98	
-0.38	-0.83	-1.33	0.63	0.41	0.82	
-0.42	-0.81	-1.31	0.55	0.29	0.63	
-0.45	-0.77	-1.26	0.46	0.15	0.41	
-0.46	-0.71	-1.19	0.35	-0.02	0.16	
-0.46	-0.63	-1.09	0.23	-0.21	-0.14	
-0.46	-0.55	-0.98	0.08	-0.44	-0.47	
-0.45	-0.47	-0.88	-0.07	-0.68	-0.81	
-0.46	-0.40	-0.78	-0.24	-0.92	-1.17	
-0.46	-0.34	-0.70	-0.40	-1.17	-1.53	
-0.46	-0.29	-0.62	-0.56	-1.41	-1.88	
-0.46	-0.24	-0.53	-0.71	-1.64	-2.22	
-0.45	-0.19	-0.45	-0.85	-1.85	-2.54	
-0.43	-0.15	-0.37	-0.99	-2.05	-2.84	
-0.41	-0.12	-0.30	-1.11	-2.23	-3.11	
-0.39	-0.10	-0.23	-1.21	-2.38	-3.35	
-0.36	-0.08	-0.16	-1.26	-2.49	-3.54	
-0.33	-0.06	-0.10	-1.27	-2.56	-3.70	
-0.29	-0.04	-0.03	-1.24	-2.60	-3.82	
-0.26	-0.02	0.04	-1.17	-2.61	-3.91	
-0.24	-0.02	0.09	-1.06	-2.60	-3.99	
-0.22	-0.03	0.13	-0.93	-2.57	-4.04	
-0.21	-0.04	0.17	-0.76	-2.52	-4.06	
-0.21	-0.06	0.19	-0.57	-2.44	-4.07	
-0.21	-0.09	0.22	-0.36	-2.36	-4.06	
-0.22	-0.12	0.23	-0.15	-2.27	-4.05	
-0.24	-0.15	0.23	0.06	-2.18	-4.03	
-0.26	-0.18	0.23	0.27	-2.08	-4.00	
-0.28	-0.20	0.23	0.47	-1.98	-3.98	
-0.29	-0.21	0.24	0.67	-1.88	-3.94	
-0.29	-0.21	0.25	0.87	-1.78	-3.90	
-0.28	-0.20	0.28	1.06	-1.67	-3.85	
-0.28	-0.18	0.30	1.25	-1.57	-3.80	
-0.27	-0.15	0.32	1.43	-1.48	-3.74	
-0.28	-0.13	0.34	1.59	-1.39	-3.68	
-0.31	-0.13	0.34	1.73	-1.30	-3.61	
-0.34	-0.13	0.33	1.85	-1.22	-3.52	
-0.40	-0.15	0.31	1.95	-1.14	-3.41	
-0.46	-0.18	0.27	2.03	-1.07	-3.27	
-0.54	-0.22	0.23	2.09	-1.01	-3.12	
-0.62	-0.27	0.18	2.11	-0.96	-2.95	
-0.70	-0.32	0.13	2.09	-0.91	-2.76	
-0.79	-0.37	0.08	2.05	-0.87	-2.55	
-0.87	-0.42	0.04	1.97	-0.83	-2.32	
-0.94	-0.47	-0.01	1.87	-0.80	-2.07	
-1.01	-0.52	-0.06	1.74	-0.76	-1.82	
-1.08	-0.56	-0.10	1.58	-0.74	-1.57	
-1.14	-0.60	-0.14	1.39	-0.73	-1.34	
-1.19	-0.63	-0.17	1.18	-0.75	-1.12	
-1.23	-0.65	-0.19	0.93	-0.78	-0.92	
-1.26	-0.67	-0.21	0.66	-0.84	-0.75	
-1.29	-0.68	-0.23	0.38	-0.91	-0.60	
-1.32	-0.69	-0.25	0.11	-0.99	-0.47	
-1.34	-0.70	-0.26	-0.14	-1.06	-0.36	
-1.37	-0.71	-0.28	-0.38	-1.12	-0.26	
-1.39	-0.72	-0.30	-0.59	-1.17	-0.16	
-1.41	-0.73	-0.33	-0.78	-1.22	-0.07	
-1.43	-0.75	-0.38	-0.97	-1.26	0.00	
-1.45	-0.76	-0.43	-1.15	-1.30	0.06	
-1.47	-0.78	-0.48	-1.32	-1.34	0.11	
-1.48	-0.80	-0.53	-1.48	-1.37	0.15	
-1.47	-0.82	-0.58	-1.63	-1.40	0.19	
-1.45	-0.83	-0.63	-1.75	-1.42	0.23	
-1.43	-0.83	-0.67	-1.85	-1.43	0.26	
-1.39	-0.84	-0.72	-1.93	-1.43	0.30	
-1.35	-0.84	-0.76	-1.98	-1.41	0.33	
-1.31	-0.85	-0.80	-2.00	-1.38	0.37	
-1.28	-0.86	-0.84	-1.98	-1.32	0.41	
-1.25	-0.88	-0.88	-1.93	-1.25	0.46	
-1.24	-0.90	-0.93	-1.85	-1.16	0.51	
-1.23	-0.91	-0.97	-1.75	-1.07	0.56	
-1.21	-0.92	-1.01	-1.63	-0.97	0.60	
-1.19	-0.92	-1.02	-1.50	-0.88	0.63	
-1.16	-0.90	-1.03	-1.36	-0.79	0.64	
-1.14	-0.89	-1.02	-1.21	-0.71	0.64	
-1.11	-0.87	-1.01	-1.08	-0.65	0.60	
-1.09	-0.85	-1.00	-0.95	-0.62	0.53	
-1.07	-0.83	-0.99	-0.85	-0.62	0.41	
-1.04	-0.80	-0.96	-0.76	-0.65	0.27	
-0.99	-0.76	-0.91	-0.68	-0.69	0.10	
-0.94	-0.71	-0.86	-0.58	-0.73	-0.07	
-0.89	-0.66	-0.81	-0.46	-0.77	-0.24	
-0.83	-0.61	-0.77	-0.34	-0.81	-0.41	
-0.78	-0.57	-0.73	-0.23	-0.87	-0.58	
-0.72	-0.54	-0.70	-0.13	-0.95	-0.77	
-0.67	-0.51	-0.68	-0.07	-1.07	-0.97	
-0.62	-0.50	-0.67	-0.03	-1.21	-1.19	
-0.58	-0.50	-0.67	-0.03	-1.38	-1.43	
-0.53	-0.50	-0.68	-0.04	-1.56	-1.67	
-0.49	-0.50	-0.70	-0.07	-1.73	-1.90	
-0.44	-0.50	-0.70	-0.10	-1.88	-2.11	
-0.38	-0.50	-0.71	-0.12	-2.00	-2.29	
-0.33	-0.51	-0.72	-0.13	-2.10	-2.44	
-0.29	-0.53	-0.74	-0.14	-2.19	-2.58	
-0.27	-0.56	-0.78	-0.16	-2.26	-2.72	
-0.26	-0.61	-0.83	-0.20	-2.33	-2.86	
-0.26	-0.67	-0.87	-0.26	-2.42	-3.01	
-0.28	-0.73	-0.92	-0.35	-2.51	-3.16	
-0.30	-0.80	-0.97	-0.47	-2.62	-3.32	
-0.32	-0.86	-1.02	-0.62	-2.73	-3.48	
-0.35	-0.93	-1.07	-0.77	-2.83	-3.63	
-0.39	-0.99	-1.11	-0.91	-2.91	-3.76	
-0.43	-1.04	-1.14	-1.03	-2.96	-3.86	
-0.48	-1.09	-1.16	-1.12	-2.98	-3.91	
-0.52	-1.14	-1.17	-1.18	-2.97	-3.92	
-0.57	-1.18	-1.17	-1.21	-2.93	-3.91	
-0.62	-1.21	-1.17	-1.22	-2.88	-3.88	
-0.68	-1.24	-1.16	-1.22	-2.84	-3.85	
-0.73	-1.25	-1.14	-1.21	-2.79	-3.81	
-0.79	-1.27	-1.11	-1.20	-2.73	-3.75	
-0.86	-1.28	-1.08	-1.16	-2.65	-3.67	
-0.93	-1.30	-1.06	-1.09	-2.55	-3.54	
-1.01	-1.31	-1.04	-1.00	-2.42	-3.39	
-1.09	-1.33	-1.03	-0.89	-2.28	-3.21	
-1.16	-1.34	-1.00	-0.79	-2.13	-3.03	
-1.24	-1.34	-0.97	-0.70	-1.98	-2.85	
-1.31	-1.34	-0.93	-0.63	-1.85	-2.68	
-1.38	-1.34	-0.90	-0.58	-1.74	-2.52	
-1.46	-1.33	-0.87	-0.56	-1.64	-2.36	
-1.53	-1.32	-0.84	-0.56	-1.55	-2.23	
-1.61	-1.30	-0.80	-0.57	-1.48	-2.11	
-1.68	-1.28	-0.76	-0.60	-1.42	-2.01	
-1.75	-1.25	-0.72	-0.63	-1.38	-1.93	
-1.82	-1.23	-0.69	-0.67	-1.36	-1.85	
-1.90	-1.22	-0.66	-0.73	-1.36	-1.80	
-1.98	-1.21	-0.64	-0.80	-1.38	-1.76	
-2.05	-1.20	-0.62	-0.89	-1.42	-1.75	
-2.12	-1.19	-0.60	-0.99	-1.47	-1.75	
-2.19	-1.20	-0.58	-1.09	-1.51	-1.75	
-2.26	-1.20	-0.57	-1.16	-1.54	-1.73	
-2.34	-1.22	-0.58	-1.21	-1.55	-1.69	
-2.42	-1.25	-0.61	-1.23	-1.53	-1.64	
-2.51	-1.30	-0.64	-1.23	-1.49	-1.58	
-2.59	-1.35	-0.69	-1.20	-1.42	-1.51	
-2.68	-1.41	-0.75	-1.15	-1.34	-1.42	
-2.77	-1.48	-0.81	-1.06	-1.24	-1.31	
-2.85	-1.55	-0.89	-0.94	-1.11	-1.18	
-2.93	-1.62	-0.97	-0.78	-0.94	-1.02	
-3.00	-1.68	-1.04	-0.60	-0.75	-0.83	
-3.06	-1.74	-1.11	-0.39	-0.54	-0.62	
-3.09	-1.78	-1.17	-0.17	-0.31	-0.39	
-3.12	-1.82	-1.23	0.05	-0.08	-0.14	
-3.13	-1.85	-1.28	0.28	0.16	0.11	
-3.14	-1.88	-1.34	0.51	0.39	0.36	
-3.13	-1.90	-1.39	0.72	0.62	0.61	
-3.12	-1.91	-1.44	0.93	0.83	0.85	
-3.10	-1.91	-1.47	1.12	1.02	1.08	
-3.08	-1.90	-1.51	1.30	1.19	1.30	
-3.05	-1.90	-1.54	1.46	1.34	1.48	
-3.03	-1.89	-1.59	1.61	1.45	1.63	
-3.02	-1.89	-1.63	1.73	1.53	1.74	
-3.00	-1.89	-1.68	1.82	1.57	1.81	
-2.99	-1.90	-1.72	1.89	1.58	1.85	
-2.98	-1.91	-1.78	1.95	1.55	1.88	
-2.96	-1.91	-1.83	1.99	1.50	1.88	
-2.95	-1.92	-1.88	2.02	1.42	1.86	
-2.93	-1.92	-1.92	2.03	1.33	1.82	
-2.89	-1.91	-1.95	2.03	1.21	1.76	
-2.84	-1.89	-1.97	2.01	1.09	1.70	
-2.78	-1.86	-1.97	1.99	0.98	1.64	
-2.71	-1.83	-1.97	1.95	0.88	1.60	
-2.65	-1.80	-1.96	1.92	0.79	1.56	
-2.58	-1.77	-1.95	1.89	0.71	1.53	
-2.51	-1.74	-1.92	1.85	0.64	1.49	
-2.45	-1.71	-1.89	1.80	0.57	1.45	
-2.40	-1.67	-1.85	1.75	0.49	1.41	
-2.34	-1.64	-1.80	1.70	0.42	1.36	
-2.29	-1.59	-1.74	1.63	0.33	1.31	
-2.23	-1.54	-1.67	1.56	0.25	1.24	
-2.18	-1.49	-1.59	1.50	0.17	1.17	
-2.13	-1.43	-1.51	1.45	0.10	1.11	
-2.09	-1.38	-1.43	1.41	0.05	1.06	
-2.05	-1.33	-1.36	1.38	0.01	1.02	
-2.02	-1.29	-1.30	1.36	-0.02	0.99	
-2.01	-1.26	-1.26	1.36	-0.04	0.96	
-2.00	-1.25	-1.24	1.38	-0.03	0.94	
-2.01	-1.26	-1.24	1.43	0.02	0.94	
-2.04	-1.28	-1.25	1.53	0.10	0.97	
-2.08	-1.32	-1.28	1.65	0.21	1.03	
-2.14	-1.37	-1.33	1.79	0.33	1.11	
-2.20	-1.42	-1.39	1.93	0.45	1.17	
-2.26	-1.48	-1.46	2.05	0.57	1.22	
-2.30	-1.53	-1.51	2.16	0.67	1.25	
-2.34	-1.58	-1.57	2.27	0.77	1.27	
-2.36	-1.62	-1.61	2.38	0.88	1.31	
-2.38	-1.65	-1.65	2.48	0.98	1.34	
-2.38	-1.67	-1.68	2.58	1.07	1.36	
-2.37	-1.68	-1.69	2.65	1.14	1.37	
-2.35	-1.68	-1.70	2.71	1.19	1.35	
-2.33	-1.68	-1.70	2.74	1.22	1.32	
-2.31	-1.68	-1.70	2.77	1.24	1.28	
-2.28	-1.67	-1.69	2.78	1.26	1.23	
-2.25	-1.66	-1.67	2.79	1.26	1.18	
-2.20	-1.63	-1.64	2.78	1.26	1.12	
-2.13	-1.59	-1.59	2.76	1.26	1.04	
-2.06	-1.54	-1.53	2.73	1.24	0.96	
-1.98	-1.49	-1.46	2.67	1.21	0.87	
-1.91	-1.43	-1.39	2.59	1.15	0.76	
-1.86	-1.38	-1.32	2.47	1.05	0.61	
-1.81	-1.33	-1.25	2.31	0.92	0.43	
-1.77	-1.29	-1.19	2.12	0.76	0.22	
-1.74	-1.25	-1.12	1.90	0.57	-0.02	
-1.72	-1.22	-1.06	1.66	0.37	-0.27	
-1.71	-1.19	-1.02	1.41	0.14	-0.53	
-1.71	-1.18	-0.98	1.17	-0.08	-0.79	
-1.72	-1.19	-0.97	0.93	-0.30	-1.04	
-1.74	-1.21	-0.96	0.71	-0.51	-1.27	
-1.76	-1.24	-0.96	0.51	-0.69	-1.48	
-1.79	-1.27	-0.96	0.35	-0.84	-1.64	
-1.82	-1.30	-0.98	0.22	-0.97	-1.77	
-1.86	-1.34	-1.00	0.11	-1.07	-1.86	
-1.90	-1.37	-1.02	0.01	-1.17	-1.94	
-1.95	-1.41	-1.04	-0.09	-1.25	-1.99	
-2.00	-1.44	-1.07	-0.19	-1.31	-2.01	
-2.04	-1.46	-1.09	-0.26	-1.34	-1.99	
-2.07	-1.47	-1.10	-0.31	-1.33	-1.91	
-2.10	-1.47	-1.12	-0.33	-1.29	-1.78	
-2.12	-1.46	-1.12	-0.34	-1.22	-1.63	
-2.12	-1.45	-1.11	-0.34	-1.14	-1.47	
-2.13	-1.43	-1.10	-0.33	-1.04	-1.29	
-2.13	-1.41	-1.09	-0.30	-0.93	-1.11	
-2.14	-1.40	-1.09	-0.25	-0.82	-0.91	
-2.15	-1.39	-1.09	-0.17	-0.69	-0.71	
-2.16	-1.39	-1.09	-0.05	-0.54	-0.51	
-2.17	-1.38	-1.08	0.11	-0.37	-0.29	
-2.19	-1.37	-1.08	0.31	-0.19	-0.08	
-2.21	-1.36	-1.07	0.53	-0.00	0.14	
-2.24	-1.37	-1.08	0.77	0.18	0.36	
-2.27	-1.38	-1.09	1.01	0.34	0.56	
-2.32	-1.39	-1.11	1.24	0.49	0.73	
-2.36	-1.39	-1.12	1.46	0.62	0.86	
-2.40	-1.40	-1.13	1.68	0.72	0.97	
-2.44	-1.41	-1.12	1.89	0.82	1.06	
-2.48	-1.41	-1.12	2.09	0.90	1.14	
-2.51	-1.41	-1.11	2.27	0.97	1.20	
-2.54	-1.41	-1.09	2.44	1.02	1.25	
-2.55	-1.39	-1.07	2.58	1.06	1.26	
-2.55	-1.38	-1.03	2.70	1.08	1.25	
-2.54	-1.35	-0.98	2.81	1.08	1.21	
-2.52	-1.33	-0.94	2.89	1.07	1.16	
-2.49	-1.31	-0.90	2.96	1.04	1.10	
-2.46	-1.29	-0.87	3.01	1.00	1.02	
-2.41	-1.27	-0.84	3.04	0.96	0.92	
-2.36	-1.25	-0.81	3.08	0.93	0.83	
-2.30	-1.22	-0.78	3.13	0.90	0.74	
-2.22	-1.19	-0.75	3.20	0.89	0.67	
-2.13	-1.15	-0.71	3.29	0.89	0.63	
-2.02	-1.10	-0.67	3.38	0.91	0.62	
-1.90	-1.03	-0.61	3.48	0.92	0.61	
-1.76	-0.94	-0.55	3.56	0.93	0.61	
-1.61	-0.84	-0.47	3.62	0.93	0.62	
-1.47	-0.74	-0.39	3.66	0.92	0.63	
-1.34	-0.65	-0.33	3.69	0.91	0.66	
-1.22	-0.56	-0.28	3.71	0.92	0.71	
-1.12	-0.49	-0.23	3.74	0.94	0.79	
-1.03	-0.43	-0.20	3.77	1.00	0.91	
-0.95	-0.37	-0.17	3.81	1.08	1.06	
-0.88	-0.32	-0.15	3.87	1.19	1.25	
-0.82	-0.28	-0.13	3.95	1.34	1.48	
-0.78	-0.24	-0.11	4.06	1.52	1.74	
-0.75	-0.20	-0.09	4.19	1.74	2.03	
-0.73	-0.17	-0.07	4.32	1.97	2.32	
-0.72	-0.13	-0.05	4.45	2.19	2.61	
-0.72	-0.09	-0.02	4.55	2.39	2.87	
-0.73	-0.07	-0.01	4.61	2.55	3.08	
-0.75	-0.05	-0.00	4.65	2.66	3.24	
-0.76	-0.04	-0.00	4.67	2.72	3.32	
						
						
						
						
						
						
						
						
						
						
						
						
						
						
						
						
						
						
						
						
						
						
						
						
						
						
						
						
						
						
						
						
						
						
						
						
						
						
						
						
						
						
						
						
						
						
						
						
						
						
						
						
						
						
						
						
						
						
						
						
						
						
						
						
						
						
						
						
						
						
						
						
						
						
						
						
						
						
						
						
						
						
						
						
						
						
						
						
						
						
						
						
						
						
						
						
						
						
						
						
						
						
						
						
						
						
						
						
						
						
						
						
						
						
						
						
						
						
						
						
						
						
						
						
						
						
						
						
						
						
						
						
						
						
						
						
						
						
						
						
						
						
						
						
						
						
						
						
						
						
						
						
						
						
						
						
						
						
						
						
						
						
						
						
						
						
						
						
						
						
						
						
						
						
						
						
						
						
						
						
						
						
						
						
						
						
						
						
						
						
						
						
						
						
						
						
						
						
						
						
						
						
						
						
						
						
						
						
						
						
						
						
						
						
						
						
						
						
						
						
						
						
						
						
						
						
						
						
						
						
						
						
						
						
						
						
						
						
						
						
						
						
						
						
						
						
						
						
						
						
						
						
						
						
						
						
						
						
						
						
						
						
						
						
						
						
						
						
						
						
						
						
						
						
						
						
						
						
						
						
						
						
						
						
						
						
						
						
						
						
						
						
						
						
						
						
						
						
						
						
						
						
						
						
						
						
						
						
						
						
						
						
						
						
						
						
						
						
						
						
						
						
						
						
						
						
						
						
						
						
						
						
						
						
						
						
						
						
						
						
						
						
						
						
						
						
						
						
						
						
						
						
						
						
						
						
						
						
						
						
						
						
						
						
						
						
						
						
						
						
						
						
						
						
						
						
						
						
						
						
						
						
						
						
						
						
						
						
						
						
						
						
						
						
						
						
						
						
						
						
						
						
						
						
						
						
						
						
						
						
						
						
						
						
						
						
						
						
						
						
						
						
						
						
						
						
						
						
						
						
						
						
						
						
						
						
						
						
						
						
						
						
						
						
						
						
						
						
						
						
						
						
						
						
						
						
						
						
						
						
						
						
						
						
						
						
						
						
						
						
						
						
						
						
						
						
						
						
						
						
						
						
						
						
						
						
						
						
						
						
						
						
						
						
						
						
						
						
						
						
						
						
						
						
						
						
						
						
						
						
						
						
						
						
						
						
						
						
						
						
						
						
						
						
						
						
						
						
						
						
						
						
						
						
						
						
						
						
						
						
						
						
						
						
						
						
						
						
						
						
						
						
						
						
						
						
						
						
						
						
						
						
						
						
						
						
						
						
						
						
						
						
						
						
						
						
						
						
						
						
						
						
						
						
						
						
						
						
						
						
						
						
						
						
						
						
						
						
						
						
						
						
						
						
						
						
						
						
						
						
						
						
						
						
						
						
						
						
						
						
						
						
						
						
						
						
						
						
						
						
						
						
						
						
						
						
						
						
						
						
						
						
						
						
						
						
						
						
						
						
						
						
						
						
						
						
						
						
						
						
						
						
						
						
						
						
						
						
						
						
						
						
						
						
						
						
						
						
						
						
						
						
						
						
						
						
						
						
						
						
						
						
						
						
						
						
						
						
						
						
						
						
						
						
						
						
						
						
						
						
						
						
						
						
						
						
						
						
						
						
						
						
						
						
						
						
						
						
						
						
						
						
						
						
						
						
						
						
						
						
						
						
						
						
						
						
						
						
						
						
						
						
						
						
						
						
						
						
						
						
						
						
						
						
						
						
						
						
						
						
						
						
						
						
						
						
						
						
						
						
						
						
						
						
						
						
						
						
						
						
						
						
						
						
						
						
						
						
						
						
						
						
						
						
						
						
						
						
						
						
						
						
						
						
						
						
						
						
						
						
						
						
						
						
						
						
						
						
						
						
						
						
						
						
						
						
						
						
						
						
						
						
						
						
						
						
						
						
						
						
						
						
						
						
						
						
						
						
						
						
						
						
						
						
						
						
						
						
						
						
						
						
						
						
						
						
						
						
						
						
						
						
						
						
						
						
						
						
						
						
						
						
						
						
						
						
						
						
						
						
						
						
						
						
						
						
						
						
						
						
						
						
						
						
						
						
						
						
						
						
						
						
						
						
						
						
						
						
						
						
						
						
						
						
						
						
						
						
						
						
						
						
						
						
						
						
						
						
						
						
						
						
						
						
						
						
						
						
						
						
						
						
						
						
						
						
						
						
						
						
						
						
						
						
						
						
						
						
						
						
						
						
						
						
						
						
						
						
						
						
						
						
						
						
						
						
						
						
						
						
						
						
						
						
						
						
						
						
						
						
						
						
						
						
						
						
						
						
						
						
						
						
						
						
						
						
						
						
						
						
						
						
						
						
						
						
						
						
						
						
						
						
						
						
						
						
						
						
						
						
						
						
						
						
						
						
						
						
						
						
						
						
						
						
						
						
						
						
						
						
						
						
						
						
						
						
						
						
						
						
						
						
						
						
						
						
						
						
						
						
						
						
						
						
						
						
						
						
						
						
						
						
						
						
						
						
						
						
						
						
						
						
						
						
						
						
						
						
						
						
						
						
						
						
						
						
						
						
						
						
						
						
						
						
						
						
						
						
						
						
						
						
						
						
						
						
						
						
						
						
						
						
						
						
						
						
						
						
						
						
						
						
						
						
						
						
						
						
						
						
						
						
						
						
						
						
						
						
						
						
						
						
						
						
						
						
						
						
						
						
						
						
						
						
						
						
						
						
						
						
						
						
						
						
						
						
						
						
						
						
						
						
						
						
						
						
						
						
						
						
						
						
						
						
						
						
						
						
						
						
						
						
						
						
						
						
						
						
						
						
						
						
						
						
						
						
						
						
						
						
						
						
						
						
						
						
						
						
						
						
						
						
						
						
						
						
						
						
						
						
						
						
						
						
						
						
						
						
						
						
						
						
						
						
						
						
						
						
						
						
						
						
						
						
						
						
						
						
						
						
						
						
						
						
						
						
						
						
						
						
						
						
						
						
						
						
						
						
						
						
						
						
						
						
						
						
						
						
						
						
						
						
						
						
						
						
						
						
						
						
						
						
						
						
						
						
						
						
						
						
						
						
						
						
						
						
						
						
						
						
						
						
						
						
						
						
						
						
						
						
						
						
						
						
						
						
						
						
						
						
						
						
						
						
						
						
						
						
						
						
						
						
						
						
						
						
						
						
						
						
						
						
						
						
						
						
						
						
						
						
						
						
						
						
						
						
						
						
						
						
						
						
						
						
						
						
						
						
						
						
						
						
						
						
						
						
						
						
						
						
						
						
						
						
						
						
						
						
						
						
						
						
						
						
						
						
						
						
						
						
						
						
						
						
						
						
						
						
						
						
						
						
						
						
						
						
						
						
						
						
						
						
						
						
						
						
						
						
						
						
						
						
						
						
						
						
						
						
						
						
						
						
						
						
						
						
						
						
						
						
						
						
						
						
						
						
						
						
						
						
						
						
						
						
						
						
						
						
						
						
						
						
						
						
						
						
						
						
						
						
						
						
						
						
						
						
						
						
						
						
						
						
						
						
						
						
						
						
						
						
						
						
						
						
						
						
						
						
						
						
						
						
						
						
						
						
						
						
						
						
						
						
						
						
						
						
						
						
						
						
						
						
						
						
						
						
						
						
						
						
						
						
						
						
						
						
						
						
						
						
						
						
						
						
						
						
						
						
						
						
						
						
						
						
						
						
						
						
						
						
						
						
						
						
						
						
						
						
						
						
						
						
						
						
						
						
						
						
						
						
						
						
						
						
						
						
						
						
						
						
						
						
						
						
						
						
						
						
						
						
						
						
						
						
						
						
						
						
						
						
						
						
						
						
						
						
						
						
						
						
						
						
						
						
						
						
						
						
						
						
						
						
						
						
						
						
						
						
						
						
						
						
						
						
						
						
						
						
						
						
						
						
						
						
						
						
						
						
						
						
						
						
						
						
						
						
						
						
						
						
						
						
						
						
						
						
						
						
						
						
						
						
						
						
						
						
						
						
						
						
						
						
						
						
						
						
						
						
						
						
						
						
						
						
						
						
						
						
						
						
						
						
						
						
						
						
						
						
						
						
						
						
						
						
						
						
						
						
						
						
						
						
						
						
						
						
						
						
						
						
						
						
						
						
						
						
						
						
						
						
						
						
						
						
						
						
						
						
						
						
						
						
						
						
						
						
						
						
						
						
						
						
						
						
						
						
						
						
						
						
						
						
						
						
						
						
						
						
						
						
						
						
						
						
						
						
						
						
						
						
						
						
						
						
						
						
						
						
						
						
						
						
						
						
						
						
						
						
						
						
						
						
						
						
						
						
						
						
						
						
						
						
						
						
						
						
						
						
						
						
						
						
						
						
						
						
						
						
						
						
						
						
						
						
						
						
						
						
						
						
						
						
						
						
						
						
						
						
						
						
						
						
						
						
						
						
						
						
						
						
						
						
						
						
						
						
						
						
						
						
						
						
						
						
						
						
						
						
						
						
						
						
						
						
						
						
						
						
						
						
						
						
						
						
						
						
						
						
						
						
						
						
						
						
						
						
						
						
						
						
						
						
						
						
						
						
						
						
						
						
						
						
						
						
						
						
						
						
						
						
						
						
						
						
						
						
						
						
						
						
						
						
						
						
						
						
						
						
						
						
						
						
						
						
						
						
						
						
						
						
						
						
						
						
						
						
						
						
						
						
						
						
						
						
						
						
						
						
						
						
						
						
						
						
						
						
						
						
						
						
						
						
						
						
						
						
						
						
						
						
						
						
						
						
						
						
						
						
						
						
						
						
						
						
						
						
						
						
						
						
						
						
						
						
						
						
						
						
						
						
						
						
						
						
						
						
						
						
						
						
						
						
						
						
						
						
						
						
						
						
						
						
						
						
						
						
						
						
						
						
						
						
						
						
						
						
						
						
						
						
						
						
						
						
						
						
						
						
						
						
						
						
						
						
						
						
						
						
						
						
						
						
						
						
						
						
						
						
						
						
						
						
						
						
						
						
						
						
						
						
						
						
						
						
						
						
						
						
						
						
						
						
						
						
						
						
						
						
						
						
						
						
						
						
						
						
						
						
						
						
						
						
						
						
						
						
						
						
						
						
						
						
						
						
						
						
						
						
						
						
						
						
						
						
						
						
						
						
						
						
						
						
						
						
						
						
						
						
						
						
						
						
						
						
						
						
						
						
						
						
						
						
						
						
						
						
						
						
						
						
						
						
						
						
						
						
						
						
						
						
						
						
						
						
						
						
						
						
						
						
						
						
						
						
						
						
						
						
						
						
						
						
						
						
						
						
						
						
						
						
						
						
						
						
						
						
						
						
						
						
						
						
						
						
						
						
						
						
						
						
						
						
						
						
						
						
						
						
						
						
						
						
						
						
						
						
						
						
						
						
						
						
						
						
						
						
						
						
						
						
						
						
						
						
						
						
						
						
						
						
						
						
						
						
						
						
						
						
						
						
						
						
						
						
						
						
						
						
						
						
						
						
						
						
						
						
						
						
						
						
						
						
						
						
						
						
						
						
						
						
						
						
						
						
						
						
						
						
						
						
						
						
						
						
						
						
						
						
						
						
						
						
						
						
						
						
						
						
						
						
						
						
						
						
						
						
						
						
						
						
						
						
						
						
						
						
						
						
						
						
						
						
						
						
						
						
						
						
						
						
						
						
						
						
						
						
						
						
						
						
						
						
						
						
						
						
						
						
						
						
						
						
						
						
						
						
						
						
						
						
						
						
						
						
						
						
						
						
						
						
						
						
						
						
						
						
						
						
						
						
						
						
						
						
						
						
						
						
						
						
						
						
						
						
						
						
						
						
						
						
						
						
						
						
						
						
						
						
						
						
						
						
						
						
						
						
						
						
						
						
						
						
						
						
						
						
						
						
						
						
						
						
						
						
						
						
						
						
						
						
						
						
						
						
						
						
						
						
						
						
						
						
						
						
						
						
						
						
						
						
						
						
						
						
						
						
						
						
						
						
						
						
						
						
						
						
						
						
						
						
						
						
						
						
						
						
						
						
						
						
						
						
						
						
						
						
						
						
						
						
						
						
						
						
						
						
						
						
						
						
						
						
						
						
						
						
						
						
						
						
						
						
						
						
						
						
						
						
						
						
						
						
						
						
						
						
						
						
						
						
						
						
						
						
						
						
						
						
						
						
						
						
						
						
						
						
						
						
						
						
						
						
						
						
						
						
						
						
						
						
						
						
						
						
						
						
						
						
						
						
						
						
						
						
						
						
						
						
						
						
						
						
						
						
						
						
						
						
						
						
						
						
						
						
						
						
						
						
						
						
						
						
						
						
						
						
						
						
						
						
						
						
						
						
						
						
						
						
						
						
						
						
						
						
						
						
						
						
						
						
						
						
						
						
						
						
						
						
						
						
						
						
						
						
						
						
						
						
						
						
						
						
						
						
						
						
						
						
						
						
						
						
						
						
						
						
						
						
						
						
						
						
						
						
						
						
						
						
						
						
						
						
						
						
						
						
						
						
						
						
						
						
						
						
						
						
						
						
						
						
						
						
						
						
						
						
						
						
						
						
						
						
						
						
						
						
						
						
						
						
						
						
						
						
						
						
						
						
						
						
						
						
						
						
						
						
						
						
						
						
						
						
						
						
						
						
						
						
						
						
						
						
						
						
						
						
						
						
						
						
						
						
						
						
						
						
						
						
						
						
						
						
						
						
						
						
						
						
						
						
						
						
						
						
						
						
						
						
						
						
						
						
						
						
						
						
						
						
						
						
						
						
						
						
						
						
						
						
						
						
						
						
						
						
						
						
						
						
						
						
						
						
						
						
						
						
						
						
						
						
						
						
						
						
						
						
						
						
						
						
						
						
						
						
						
						
						
						
						
						
						
						
						
						
						
						
						
						
						
						
						
						
						
						
						
						
						
						
						
						
						
						
						
						
						
						
						
						
						
						
						
						
						
						
						
						
						
						
						
						
						
						
						
						
						
						
						
						
						
						
						
						
