0.02	0.01	0.00	0.08	0.06	0.02	
0.04	0.01	0.01	0.21	0.15	0.05	
0.08	0.02	0.00	0.39	0.27	0.07	
0.11	0.00	-0.01	0.48	0.36	0.05	
0.12	-0.03	-0.04	0.39	0.33	-0.06	
0.11	-0.09	-0.08	0.14	0.20	-0.23	
0.09	-0.16	-0.12	-0.23	-0.00	-0.46	
0.06	-0.24	-0.17	-0.68	-0.26	-0.73	
0.03	-0.32	-0.22	-1.17	-0.55	-1.02	
0.00	-0.40	-0.28	-1.66	-0.85	-1.32	
-0.02	-0.47	-0.34	-2.15	-1.14	-1.60	
-0.04	-0.54	-0.41	-2.62	-1.42	-1.85	
-0.06	-0.61	-0.48	-3.07	-1.69	-2.07	
-0.06	-0.66	-0.55	-3.49	-1.94	-2.27	
-0.07	-0.71	-0.63	-3.88	-2.17	-2.44	
-0.07	-0.74	-0.69	-4.24	-2.37	-2.59	
-0.07	-0.77	-0.76	-4.54	-2.53	-2.69	
-0.08	-0.80	-0.81	-4.79	-2.66	-2.74	
-0.09	-0.83	-0.87	-4.99	-2.75	-2.74	
-0.11	-0.85	-0.92	-5.16	-2.81	-2.70	
-0.13	-0.88	-0.98	-5.29	-2.85	-2.64	
-0.16	-0.91	-1.04	-5.40	-2.88	-2.55	
-0.20	-0.94	-1.10	-5.50	-2.91	-2.45	
-0.24	-0.98	-1.15	-5.57	-2.93	-2.33	
-0.29	-1.02	-1.20	-5.62	-2.94	-2.21	
-0.34	-1.05	-1.24	-5.64	-2.94	-2.10	
-0.39	-1.09	-1.28	-5.63	-2.93	-2.00	
-0.43	-1.12	-1.31	-5.59	-2.91	-1.94	
-0.47	-1.15	-1.34	-5.54	-2.88	-1.93	
-0.51	-1.18	-1.36	-5.46	-2.86	-1.96	
-0.55	-1.20	-1.38	-5.39	-2.86	-2.03	
-0.59	-1.22	-1.39	-5.33	-2.87	-2.15	
-0.62	-1.24	-1.39	-5.29	-2.91	-2.30	
-0.65	-1.25	-1.38	-5.27	-2.96	-2.49	
-0.68	-1.25	-1.35	-5.28	-3.04	-2.69	
-0.71	-1.26	-1.32	-5.31	-3.13	-2.90	
-0.74	-1.26	-1.29	-5.36	-3.23	-3.11	
-0.77	-1.27	-1.25	-5.42	-3.33	-3.31	
-0.81	-1.28	-1.22	-5.48	-3.43	-3.48	
-0.84	-1.29	-1.18	-5.53	-3.50	-3.64	
-0.87	-1.30	-1.14	-5.57	-3.56	-3.76	
-0.90	-1.30	-1.10	-5.58	-3.60	-3.87	
-0.92	-1.31	-1.07	-5.57	-3.62	-3.97	
-0.95	-1.31	-1.05	-5.54	-3.63	-4.07	
-0.97	-1.32	-1.03	-5.49	-3.63	-4.17	
-0.99	-1.33	-1.02	-5.41	-3.62	-4.28	
-1.00	-1.35	-1.01	-5.32	-3.61	-4.38	
-1.01	-1.36	-1.01	-5.22	-3.60	-4.48	
-1.01	-1.36	-0.99	-5.11	-3.57	-4.54	
-1.00	-1.36	-0.98	-4.99	-3.53	-4.58	
-0.98	-1.35	-0.96	-4.86	-3.46	-4.58	
-0.95	-1.32	-0.93	-4.72	-3.38	-4.54	
-0.91	-1.29	-0.90	-4.56	-3.26	-4.46	
-0.86	-1.24	-0.87	-4.39	-3.13	-4.36	
-0.80	-1.20	-0.84	-4.20	-2.98	-4.23	
-0.74	-1.15	-0.82	-4.01	-2.82	-4.09	
-0.68	-1.11	-0.81	-3.81	-2.65	-3.95	
-0.63	-1.07	-0.81	-3.61	-2.48	-3.83	
-0.58	-1.04	-0.82	-3.40	-2.31	-3.71	
-0.53	-1.01	-0.84	-3.20	-2.15	-3.61	
-0.48	-0.98	-0.85	-2.99	-2.00	-3.50	
-0.43	-0.95	-0.86	-2.80	-1.85	-3.39	
-0.37	-0.90	-0.85	-2.62	-1.71	-3.27	
-0.30	-0.84	-0.83	-2.44	-1.57	-3.12	
-0.23	-0.77	-0.79	-2.27	-1.43	-2.95	
-0.14	-0.68	-0.72	-2.09	-1.28	-2.76	
-0.05	-0.59	-0.63	-1.93	-1.14	-2.57	
0.04	-0.48	-0.54	-1.77	-1.00	-2.39	
0.14	-0.38	-0.43	-1.64	-0.89	-2.23	
0.22	-0.28	-0.33	-1.52	-0.79	-2.12	
0.31	-0.18	-0.23	-1.41	-0.70	-2.05	
0.38	-0.08	-0.13	-1.31	-0.64	-2.02	
0.45	0.00	-0.05	-1.22	-0.58	-2.04	
0.51	0.09	0.03	-1.12	-0.52	-2.10	
0.57	0.16	0.10	-1.03	-0.48	-2.20	
0.62	0.24	0.17	-0.95	-0.45	-2.32	
0.67	0.30	0.23	-0.89	-0.44	-2.47	
0.71	0.36	0.30	-0.86	-0.45	-2.65	
0.75	0.42	0.35	-0.84	-0.47	-2.83	
0.77	0.46	0.41	-0.85	-0.50	-3.03	
0.79	0.49	0.46	-0.87	-0.53	-3.23	
0.80	0.52	0.49	-0.89	-0.57	-3.43	
0.81	0.54	0.52	-0.92	-0.60	-3.62	
0.81	0.56	0.55	-0.96	-0.63	-3.79	
0.81	0.57	0.56	-0.99	-0.66	-3.94	
0.82	0.58	0.57	-1.02	-0.67	-4.06	
0.82	0.58	0.58	-1.05	-0.69	-4.13	
0.83	0.57	0.58	-1.08	-0.69	-4.13	
0.83	0.56	0.58	-1.10	-0.67	-4.08	
0.84	0.54	0.57	-1.11	-0.64	-3.95	
0.84	0.51	0.55	-1.10	-0.58	-3.75	
0.83	0.47	0.52	-1.08	-0.51	-3.51	
0.82	0.42	0.47	-1.05	-0.42	-3.22	
0.80	0.37	0.42	-1.00	-0.32	-2.90	
0.78	0.30	0.36	-0.96	-0.21	-2.56	
0.76	0.24	0.31	-0.91	-0.11	-2.22	
0.74	0.18	0.26	-0.86	-0.00	-1.89	
0.72	0.13	0.21	-0.82	0.10	-1.57	
0.71	0.08	0.18	-0.77	0.19	-1.27	
0.70	0.04	0.16	-0.71	0.28	-1.00	
0.70	0.02	0.16	-0.65	0.36	-0.75	
0.71	0.00	0.17	-0.59	0.43	-0.54	
0.74	0.00	0.21	-0.54	0.48	-0.36	
0.78	0.01	0.25	-0.49	0.52	-0.21	
0.82	0.04	0.30	-0.44	0.55	-0.09	
0.88	0.06	0.35	-0.39	0.58	0.01	
0.94	0.09	0.40	-0.33	0.63	0.10	
1.00	0.12	0.44	-0.26	0.68	0.20	
1.06	0.15	0.47	-0.19	0.76	0.30	
1.12	0.18	0.48	-0.11	0.84	0.40	
1.17	0.20	0.48	-0.03	0.93	0.50	
1.21	0.21	0.46	0.04	1.01	0.58	
1.24	0.21	0.43	0.09	1.06	0.64	
1.26	0.21	0.39	0.12	1.08	0.66	
1.28	0.20	0.34	0.12	1.08	0.65	
1.29	0.20	0.29	0.09	1.04	0.59	
1.30	0.19	0.24	0.04	0.97	0.51	
1.31	0.18	0.19	-0.02	0.89	0.39	
1.32	0.17	0.12	-0.09	0.78	0.26	
1.32	0.16	0.06	-0.17	0.66	0.10	
1.32	0.16	-0.00	-0.25	0.53	-0.09	
1.33	0.16	-0.05	-0.33	0.38	-0.29	
1.34	0.17	-0.08	-0.41	0.23	-0.52	
1.36	0.19	-0.09	-0.48	0.06	-0.76	
1.37	0.21	-0.07	-0.55	-0.11	-1.01	
1.39	0.24	-0.03	-0.60	-0.27	-1.26	
1.41	0.27	0.02	-0.64	-0.43	-1.50	
1.43	0.30	0.08	-0.67	-0.56	-1.71	
1.44	0.33	0.15	-0.68	-0.68	-1.88	
1.46	0.36	0.21	-0.70	-0.79	-2.04	
1.46	0.38	0.28	-0.72	-0.89	-2.18	
1.45	0.40	0.33	-0.74	-0.98	-2.31	
1.43	0.40	0.38	-0.78	-1.07	-2.44	
1.39	0.40	0.41	-0.81	-1.15	-2.58	
1.32	0.37	0.44	-0.85	-1.23	-2.71	
1.24	0.34	0.46	-0.89	-1.31	-2.85	
1.14	0.29	0.46	-0.92	-1.38	-2.98	
1.02	0.23	0.46	-0.95	-1.44	-3.10	
0.89	0.16	0.44	-0.97	-1.50	-3.21	
0.75	0.08	0.42	-0.99	-1.55	-3.30	
0.61	0.01	0.39	-1.00	-1.57	-3.37	
0.47	-0.07	0.35	-0.99	-1.57	-3.41	
0.34	-0.14	0.32	-0.96	-1.56	-3.42	
0.22	-0.21	0.29	-0.91	-1.52	-3.41	
0.11	-0.26	0.27	-0.84	-1.45	-3.37	
0.02	-0.31	0.25	-0.75	-1.36	-3.29	
-0.07	-0.36	0.22	-0.61	-1.23	-3.17	
-0.15	-0.40	0.20	-0.44	-1.07	-3.00	
-0.22	-0.45	0.18	-0.24	-0.89	-2.78	
-0.29	-0.49	0.16	-0.02	-0.69	-2.54	
-0.35	-0.52	0.15	0.22	-0.48	-2.28	
-0.39	-0.55	0.16	0.46	-0.27	-2.02	
-0.43	-0.56	0.17	0.71	-0.05	-1.75	
-0.45	-0.57	0.18	0.97	0.17	-1.47	
-0.46	-0.57	0.20	1.23	0.40	-1.19	
-0.46	-0.55	0.21	1.49	0.62	-0.93	
-0.45	-0.53	0.22	1.73	0.83	-0.68	
-0.43	-0.51	0.22	1.94	1.03	-0.47	
-0.40	-0.48	0.22	2.13	1.21	-0.29	
-0.37	-0.45	0.20	2.29	1.36	-0.14	
-0.32	-0.41	0.17	2.44	1.50	-0.01	
-0.28	-0.36	0.15	2.57	1.63	0.11	
-0.22	-0.31	0.13	2.70	1.75	0.21	
-0.16	-0.24	0.12	2.83	1.87	0.29	
-0.09	-0.17	0.12	2.96	1.98	0.37	
-0.01	-0.10	0.12	3.09	2.09	0.44	
0.06	-0.03	0.13	3.22	2.19	0.51	
0.13	0.04	0.13	3.33	2.28	0.55	
0.20	0.10	0.14	3.42	2.36	0.57	
0.26	0.17	0.16	3.48	2.41	0.57	
0.33	0.24	0.18	3.51	2.44	0.53	
0.40	0.31	0.21	3.52	2.46	0.48	
0.47	0.38	0.25	3.51	2.46	0.41	
0.54	0.45	0.28	3.50	2.46	0.34	
0.61	0.52	0.32	3.47	2.44	0.26	
0.68	0.59	0.35	3.43	2.41	0.15	
0.75	0.65	0.38	3.37	2.36	0.01	
0.81	0.71	0.40	3.29	2.29	-0.16	
0.87	0.76	0.42	3.18	2.19	-0.35	
0.92	0.80	0.44	3.05	2.06	-0.57	
0.95	0.83	0.44	2.91	1.93	-0.80	
0.98	0.85	0.43	2.76	1.79	-1.03	
1.00	0.86	0.41	2.60	1.65	-1.26	
1.00	0.86	0.37	2.45	1.51	-1.47	
1.00	0.86	0.33	2.30	1.39	-1.67	
0.99	0.85	0.28	2.16	1.27	-1.85	
0.97	0.84	0.22	2.01	1.16	-2.03	
0.95	0.82	0.16	1.85	1.05	-2.19	
0.93	0.80	0.10	1.71	0.96	-2.33	
0.90	0.78	0.03	1.57	0.89	-2.44	
0.87	0.75	-0.03	1.46	0.84	-2.52	
0.85	0.73	-0.10	1.36	0.81	-2.57	
0.82	0.71	-0.15	1.28	0.80	-2.59	
0.81	0.71	-0.19	1.21	0.82	-2.59	
0.80	0.71	-0.21	1.15	0.84	-2.57	
0.80	0.72	-0.21	1.09	0.88	-2.54	
0.81	0.73	-0.20	1.03	0.92	-2.50	
0.82	0.76	-0.17	0.96	0.95	-2.46	
0.85	0.79	-0.12	0.90	0.99	-2.42	
0.89	0.83	-0.05	0.83	1.03	-2.37	
0.93	0.88	0.04	0.77	1.09	-2.30	
0.97	0.93	0.13	0.72	1.16	-2.20	
1.01	0.98	0.23	0.69	1.25	-2.06	
1.04	1.03	0.32	0.67	1.35	-1.90	
1.07	1.07	0.41	0.66	1.45	-1.74	
1.08	1.10	0.48	0.65	1.54	-1.58	
1.09	1.13	0.54	0.64	1.63	-1.42	
1.08	1.14	0.56	0.64	1.70	-1.27	
1.06	1.14	0.55	0.63	1.77	-1.13	
1.03	1.12	0.51	0.62	1.82	-1.00	
0.99	1.10	0.44	0.61	1.85	-0.88	
0.94	1.07	0.36	0.58	1.86	-0.78	
0.89	1.04	0.27	0.54	1.86	-0.69	
0.84	1.01	0.18	0.50	1.84	-0.61	
0.78	0.97	0.08	0.46	1.81	-0.52	
0.72	0.93	-0.02	0.42	1.77	-0.44	
0.64	0.88	-0.12	0.37	1.72	-0.38	
0.56	0.83	-0.22	0.31	1.64	-0.36	
0.48	0.76	-0.32	0.21	1.54	-0.39	
0.38	0.69	-0.42	0.09	1.40	-0.46	
0.29	0.61	-0.53	-0.05	1.25	-0.55	
0.19	0.52	-0.64	-0.18	1.10	-0.65	
0.08	0.43	-0.75	-0.29	0.97	-0.74	
-0.02	0.33	-0.86	-0.38	0.86	-0.81	
-0.13	0.23	-0.97	-0.44	0.77	-0.87	
-0.23	0.13	-1.07	-0.48	0.70	-0.92	
-0.34	0.03	-1.17	-0.50	0.66	-0.95	
-0.45	-0.08	-1.25	-0.50	0.64	-0.97	
-0.57	-0.19	-1.33	-0.49	0.63	-1.00	
-0.70	-0.31	-1.41	-0.47	0.63	-1.03	
-0.83	-0.43	-1.48	-0.46	0.62	-1.10	
-0.96	-0.56	-1.54	-0.46	0.59	-1.21	
-1.10	-0.68	-1.59	-0.48	0.56	-1.34	
-1.24	-0.80	-1.64	-0.51	0.51	-1.49	
-1.37	-0.92	-1.68	-0.56	0.45	-1.64	
-1.50	-1.04	-1.71	-0.62	0.38	-1.78	
-1.63	-1.15	-1.74	-0.69	0.32	-1.91	
-1.74	-1.25	-1.75	-0.76	0.25	-2.00	
-1.84	-1.34	-1.76	-0.83	0.20	-2.06	
-1.94	-1.44	-1.76	-0.90	0.14	-2.08	
-2.04	-1.54	-1.77	-0.97	0.08	-2.08	
-2.15	-1.64	-1.79	-1.05	0.02	-2.05	
-2.26	-1.75	-1.82	-1.14	-0.04	-2.00	
-2.38	-1.86	-1.85	-1.24	-0.11	-1.92	
-2.50	-1.98	-1.88	-1.35	-0.17	-1.81	
-2.62	-2.09	-1.90	-1.46	-0.24	-1.68	
-2.74	-2.19	-1.91	-1.60	-0.31	-1.55	
-2.87	-2.30	-1.92	-1.74	-0.40	-1.44	
-2.99	-2.40	-1.93	-1.91	-0.49	-1.36	
-3.12	-2.50	-1.94	-2.09	-0.60	-1.33	
-3.25	-2.59	-1.94	-2.28	-0.73	-1.33	
-3.37	-2.67	-1.95	-2.48	-0.88	-1.37	
-3.49	-2.74	-1.95	-2.69	-1.05	-1.45	
-3.61	-2.81	-1.95	-2.92	-1.24	-1.57	
-3.71	-2.86	-1.96	-3.16	-1.46	-1.71	
-3.82	-2.91	-1.97	-3.41	-1.68	-1.87	
-3.93	-2.96	-1.99	-3.66	-1.90	-2.01	
-4.03	-3.02	-2.02	-3.89	-2.12	-2.14	
-4.15	-3.09	-2.06	-4.12	-2.32	-2.24	
-4.26	-3.15	-2.11	-4.33	-2.51	-2.33	
-4.37	-3.22	-2.17	-4.54	-2.69	-2.41	
-4.48	-3.30	-2.23	-4.74	-2.86	-2.46	
-4.58	-3.37	-2.27	-4.92	-3.00	-2.48	
-4.67	-3.43	-2.31	-5.07	-3.11	-2.46	
-4.75	-3.48	-2.32	-5.18	-3.18	-2.40	
-4.81	-3.52	-2.31	-5.26	-3.21	-2.28	
-4.86	-3.53	-2.27	-5.30	-3.20	-2.13	
-4.89	-3.54	-2.20	-5.31	-3.16	-1.94	
-4.91	-3.53	-2.13	-5.29	-3.09	-1.74	
-4.92	-3.52	-2.06	-5.26	-3.02	-1.54	
-4.92	-3.50	-1.98	-5.23	-2.94	-1.36	
-4.92	-3.47	-1.91	-5.21	-2.88	-1.22	
-4.90	-3.43	-1.84	-5.20	-2.83	-1.12	
-4.87	-3.39	-1.76	-5.19	-2.79	-1.07	
-4.83	-3.35	-1.68	-5.20	-2.76	-1.04	
-4.79	-3.31	-1.60	-5.20	-2.74	-1.05	
-4.74	-3.26	-1.54	-5.18	-2.71	-1.07	
-4.70	-3.23	-1.48	-5.16	-2.69	-1.11	
-4.65	-3.19	-1.44	-5.13	-2.67	-1.16	
-4.60	-3.16	-1.40	-5.08	-2.63	-1.22	
-4.55	-3.13	-1.38	-5.02	-2.59	-1.25	
-4.49	-3.10	-1.37	-4.93	-2.53	-1.26	
-4.43	-3.06	-1.35	-4.83	-2.45	-1.25	
-4.36	-3.03	-1.33	-4.71	-2.35	-1.22	
-4.29	-2.99	-1.31	-4.57	-2.25	-1.18	
-4.21	-2.94	-1.27	-4.42	-2.14	-1.14	
-4.13	-2.89	-1.22	-4.28	-2.02	-1.09	
-4.04	-2.83	-1.17	-4.12	-1.90	-1.04	
-3.96	-2.77	-1.11	-3.97	-1.78	-0.96	
-3.88	-2.72	-1.05	-3.81	-1.66	-0.86	
-3.82	-2.67	-0.99	-3.65	-1.53	-0.74	
-3.75	-2.63	-0.92	-3.47	-1.38	-0.59	
-3.69	-2.59	-0.86	-3.27	-1.22	-0.42	
-3.63	-2.55	-0.79	-3.06	-1.04	-0.22	
-3.58	-2.51	-0.73	-2.84	-0.85	-0.02	
-3.53	-2.49	-0.68	-2.60	-0.65	0.19	
-3.48	-2.46	-0.63	-2.36	-0.45	0.38	
-3.44	-2.44	-0.59	-2.10	-0.23	0.56	
-3.40	-2.43	-0.55	-1.83	-0.01	0.71	
-3.37	-2.41	-0.50	-1.55	0.22	0.85	
-3.33	-2.39	-0.46	-1.25	0.45	0.97	
-3.29	-2.38	-0.42	-0.94	0.69	1.08	
-3.26	-2.36	-0.37	-0.60	0.94	1.22	
-3.22	-2.34	-0.32	-0.23	1.23	1.39	
-3.18	-2.31	-0.27	0.18	1.55	1.61	
-3.14	-2.29	-0.22	0.61	1.88	1.87	
-3.09	-2.25	-0.17	1.05	2.23	2.17	
-3.04	-2.22	-0.12	1.49	2.58	2.46	
-2.99	-2.18	-0.08	1.91	2.92	2.76	
-2.94	-2.15	-0.03	2.32	3.24	3.04	
-2.89	-2.11	0.02	2.71	3.55	3.31	
-2.84	-2.07	0.08	3.09	3.85	3.58	
-2.78	-2.03	0.14	3.46	4.14	3.82	
-2.73	-1.99	0.20	3.83	4.42	4.01	
-2.67	-1.95	0.26	4.18	4.67	4.16	
-2.61	-1.90	0.31	4.51	4.91	4.24	
-2.55	-1.86	0.36	4.84	5.12	4.27	
-2.48	-1.81	0.40	5.16	5.32	4.27	
-2.41	-1.76	0.45	5.47	5.50	4.25	
-2.33	-1.70	0.50	5.78	5.68	4.22	
-2.24	-1.64	0.55	6.09	5.85	4.19	
-2.14	-1.57	0.60	6.40	6.02	4.18	
-2.05	-1.51	0.65	6.71	6.21	4.19	
-1.96	-1.46	0.66	7.02	6.40	4.24	
-1.88	-1.41	0.66	7.34	6.60	4.33	
-1.81	-1.38	0.61	7.65	6.80	4.46	
-1.74	-1.36	0.54	7.95	7.00	4.62	
-1.68	-1.35	0.45	8.25	7.20	4.80	
-1.62	-1.34	0.35	8.53	7.40	5.01	
-1.56	-1.33	0.25	8.81	7.60	5.24	
-1.50	-1.33	0.14	9.09	7.80	5.49	
-1.44	-1.32	0.04	9.38	8.01	5.76	
-1.37	-1.30	-0.04	9.68	8.23	6.03	
-1.30	-1.28	-0.10	9.97	8.43	6.28	
-1.23	-1.26	-0.16	10.25	8.63	6.50	
-1.15	-1.23	-0.20	10.52	8.81	6.67	
-1.08	-1.21	-0.25	10.78	8.97	6.79	
-1.02	-1.19	-0.30	11.01	9.11	6.87	
-0.96	-1.18	-0.36	11.21	9.22	6.91	
-0.91	-1.17	-0.43	11.39	9.30	6.91	
-0.86	-1.16	-0.49	11.55	9.35	6.88	
-0.80	-1.15	-0.55	11.67	9.37	6.82	
-0.74	-1.13	-0.60	11.77	9.36	6.75	
-0.68	-1.10	-0.63	11.85	9.34	6.67	
-0.62	-1.07	-0.65	11.93	9.30	6.60	
-0.55	-1.02	-0.64	12.00	9.26	6.53	
-0.47	-0.97	-0.61	12.07	9.23	6.48	
-0.37	-0.90	-0.55	12.15	9.19	6.42	
-0.27	-0.82	-0.48	12.22	9.15	6.36	
-0.17	-0.74	-0.40	12.28	9.11	6.29	
-0.07	-0.66	-0.31	12.33	9.06	6.19	
0.03	-0.58	-0.23	12.37	9.00	6.07	
0.13	-0.51	-0.14	12.38	8.92	5.92	
0.21	-0.44	-0.07	12.37	8.83	5.73	
0.29	-0.38	-0.02	12.33	8.72	5.53	
0.36	-0.33	0.02	12.26	8.60	5.32	
0.43	-0.29	0.05	12.18	8.47	5.12	
0.50	-0.25	0.06	12.09	8.35	4.94	
0.57	-0.21	0.07	12.00	8.23	4.78	
0.64	-0.16	0.08	11.92	8.13	4.65	
0.73	-0.11	0.10	11.85	8.04	4.55	
0.83	-0.06	0.12	11.79	7.96	4.48	
0.94	0.01	0.14	11.71	7.87	4.41	
1.05	0.07	0.17	11.63	7.78	4.33	
1.16	0.15	0.21	11.52	7.66	4.24	
1.27	0.22	0.25	11.38	7.53	4.13	
1.39	0.29	0.29	11.22	7.38	4.02	
1.50	0.36	0.33	11.04	7.23	3.90	
1.61	0.43	0.35	10.85	7.07	3.79	
1.72	0.49	0.36	10.65	6.91	3.68	
1.82	0.54	0.36	10.43	6.74	3.59	
1.92	0.59	0.36	10.21	6.56	3.51	
2.02	0.64	0.37	9.98	6.39	3.44	
2.12	0.69	0.38	9.73	6.20	3.40	
2.22	0.74	0.39	9.48	6.01	3.38	
2.32	0.79	0.43	9.21	5.82	3.39	
2.42	0.85	0.47	8.93	5.63	3.44	
2.51	0.91	0.52	8.65	5.44	3.53	
2.59	0.96	0.58	8.36	5.26	3.65	
2.66	1.01	0.64	8.07	5.09	3.80	
2.72	1.06	0.71	7.78	4.92	3.98	
2.77	1.11	0.78	7.48	4.77	4.17	
2.81	1.15	0.86	7.17	4.61	4.37	
2.86	1.20	0.96	6.87	4.47	4.55	
2.90	1.25	1.06	6.56	4.32	4.69	
2.94	1.31	1.16	6.25	4.16	4.79	
2.99	1.37	1.27	5.94	4.00	4.83	
3.03	1.43	1.37	5.63	3.82	4.82	
3.08	1.49	1.47	5.32	3.63	4.75	
3.14	1.55	1.56	4.99	3.43	4.63	
3.19	1.61	1.64	4.66	3.20	4.45	
3.22	1.66	1.70	4.32	2.96	4.22	
3.25	1.69	1.75	3.98	2.70	3.97	
3.27	1.72	1.79	3.65	2.45	3.71	
3.28	1.74	1.82	3.35	2.21	3.45	
3.28	1.75	1.84	3.07	1.99	3.21	
3.27	1.76	1.86	2.82	1.77	2.98	
3.25	1.76	1.86	2.59	1.57	2.78	
3.22	1.74	1.85	2.38	1.39	2.59	
3.18	1.72	1.83	2.20	1.22	2.44	
3.12	1.69	1.80	2.03	1.06	2.31	
3.07	1.66	1.76	1.89	0.92	2.20	
3.00	1.61	1.71	1.77	0.80	2.11	
2.93	1.57	1.67	1.66	0.68	2.04	
2.87	1.53	1.62	1.57	0.59	2.01	
2.80	1.48	1.57	1.49	0.51	2.01	
2.74	1.44	1.52	1.42	0.45	2.04	
2.68	1.40	1.47	1.35	0.40	2.09	
2.63	1.36	1.41	1.29	0.35	2.16	
2.58	1.32	1.34	1.23	0.32	2.21	
2.53	1.28	1.27	1.17	0.28	2.26	
2.49	1.25	1.20	1.11	0.25	2.29	
2.46	1.23	1.13	1.05	0.22	2.31	
2.43	1.21	1.07	0.98	0.19	2.31	
2.40	1.19	1.01	0.92	0.15	2.28	
2.38	1.18	0.95	0.85	0.11	2.23	
2.36	1.17	0.90	0.76	0.05	2.14	
2.35	1.18	0.87	0.66	-0.03	2.01	
2.34	1.18	0.86	0.55	-0.14	1.86	
2.33	1.20	0.86	0.41	-0.26	1.68	
2.33	1.22	0.87	0.26	-0.41	1.46	
2.34	1.24	0.88	0.09	-0.57	1.22	
2.34	1.27	0.90	-0.09	-0.73	0.98	
2.35	1.30	0.93	-0.25	-0.89	0.75	
2.36	1.34	0.96	-0.41	-1.02	0.54	
2.37	1.37	0.98	-0.55	-1.14	0.36	
2.37	1.40	0.99	-0.67	-1.24	0.19	
2.37	1.42	1.00	-0.78	-1.32	0.02	
2.37	1.45	1.00	-0.89	-1.41	-0.14	
2.38	1.48	1.00	-1.01	-1.52	-0.32	
2.39	1.52	1.01	-1.13	-1.63	-0.50	
2.40	1.56	1.04	-1.26	-1.76	-0.69	
2.42	1.61	1.08	-1.40	-1.91	-0.87	
2.44	1.66	1.13	-1.54	-2.06	-1.04	
2.45	1.71	1.18	-1.67	-2.21	-1.21	
2.46	1.76	1.24	-1.80	-2.37	-1.35	
2.47	1.80	1.29	-1.91	-2.52	-1.48	
2.48	1.84	1.34	-2.00	-2.67	-1.58	
2.49	1.87	1.39	-2.08	-2.80	-1.66	
2.50	1.89	1.42	-2.15	-2.93	-1.73	
2.50	1.91	1.45	-2.20	-3.04	-1.79	
2.50	1.92	1.47	-2.24	-3.15	-1.86	
2.50	1.92	1.48	-2.28	-3.25	-1.94	
2.50	1.92	1.51	-2.32	-3.36	-2.03	
2.49	1.92	1.53	-2.37	-3.48	-2.14	
2.49	1.90	1.56	-2.42	-3.60	-2.28	
2.47	1.88	1.59	-2.48	-3.73	-2.44	
2.44	1.85	1.62	-2.54	-3.87	-2.61	
2.40	1.81	1.65	-2.59	-4.01	-2.81	
2.36	1.77	1.67	-2.63	-4.14	-3.01	
2.31	1.72	1.71	-2.67	-4.27	-3.22	
2.25	1.67	1.73	-2.70	-4.39	-3.41	
2.20	1.61	1.76	-2.72	-4.50	-3.60	
2.13	1.56	1.77	-2.73	-4.59	-3.75	
2.07	1.50	1.78	-2.72	-4.66	-3.87	
2.01	1.45	1.78	-2.71	-4.72	-3.96	
1.95	1.39	1.77	-2.69	-4.76	-4.02	
1.89	1.34	1.76	-2.66	-4.80	-4.06	
1.83	1.29	1.75	-2.63	-4.82	-4.09	
1.78	1.25	1.75	-2.59	-4.85	-4.11	
1.74	1.23	1.75	-2.55	-4.86	-4.13	
1.70	1.22	1.77	-2.49	-4.88	-4.17	
1.69	1.23	1.79	-2.41	-4.88	-4.22	
1.68	1.24	1.81	-2.33	-4.88	-4.28	
1.69	1.27	1.83	-2.23	-4.86	-4.35	
1.70	1.30	1.85	-2.12	-4.83	-4.42	
1.73	1.33	1.87	-2.01	-4.79	-4.48	
1.76	1.37	1.88	-1.88	-4.74	-4.53	
1.80	1.41	1.90	-1.75	-4.67	-4.56	
1.84	1.44	1.91	-1.61	-4.58	-4.57	
1.90	1.49	1.92	-1.46	-4.47	-4.55	
1.96	1.53	1.93	-1.29	-4.34	-4.51	
2.03	1.58	1.93	-1.11	-4.19	-4.43	
2.10	1.62	1.93	-0.91	-4.02	-4.33	
2.17	1.66	1.92	-0.70	-3.84	-4.22	
2.23	1.69	1.91	-0.49	-3.65	-4.10	
2.29	1.71	1.88	-0.28	-3.46	-3.98	
2.35	1.73	1.84	-0.07	-3.28	-3.87	
2.39	1.75	1.80	0.13	-3.11	-3.78	
2.43	1.76	1.76	0.31	-2.96	-3.71	
2.47	1.77	1.72	0.48	-2.84	-3.68	
2.49	1.78	1.69	0.64	-2.74	-3.68	
2.52	1.79	1.65	0.78	-2.66	-3.71	
2.55	1.80	1.62	0.92	-2.59	-3.74	
2.58	1.81	1.60	1.06	-2.53	-3.79	
2.62	1.83	1.58	1.20	-2.48	-3.86	
2.66	1.86	1.56	1.34	-2.44	-3.94	
2.71	1.88	1.55	1.48	-2.40	-4.05	
2.76	1.90	1.54	1.62	-2.36	-4.15	
2.81	1.93	1.54	1.77	-2.31	-4.24	
2.86	1.95	1.55	1.94	-2.23	-4.30	
2.91	1.97	1.56	2.11	-2.15	-4.32	
2.96	1.99	1.57	2.28	-2.05	-4.31	
3.00	2.01	1.58	2.44	-1.95	-4.28	
3.04	2.02	1.59	2.60	-1.84	-4.22	
3.07	2.03	1.59	2.75	-1.71	-4.12	
3.10	2.04	1.58	2.90	-1.58	-3.99	
3.13	2.05	1.56	3.05	-1.45	-3.84	
3.14	2.06	1.54	3.19	-1.31	-3.67	
3.16	2.06	1.52	3.31	-1.17	-3.50	
3.16	2.06	1.50	3.43	-1.04	-3.32	
3.16	2.07	1.47	3.53	-0.90	-3.15	
3.15	2.07	1.45	3.63	-0.77	-2.99	
3.14	2.08	1.44	3.72	-0.65	-2.85	
3.14	2.09	1.43	3.79	-0.54	-2.73	
3.13	2.10	1.42	3.85	-0.45	-2.66	
3.13	2.12	1.42	3.90	-0.37	-2.63	
3.13	2.14	1.42	3.92	-0.31	-2.63	
3.14	2.17	1.44	3.93	-0.27	-2.65	
3.16	2.21	1.46	3.93	-0.25	-2.70	
3.18	2.26	1.50	3.90	-0.25	-2.77	
3.22	2.32	1.55	3.86	-0.26	-2.85	
3.26	2.38	1.62	3.81	-0.28	-2.94	
3.30	2.45	1.69	3.75	-0.30	-3.02	
3.34	2.52	1.76	3.70	-0.31	-3.08	
3.38	2.58	1.84	3.67	-0.31	-3.12	
3.42	2.65	1.92	3.65	-0.29	-3.14	
3.46	2.72	2.00	3.64	-0.25	-3.12	
3.49	2.78	2.08	3.65	-0.19	-3.08	
3.52	2.84	2.16	3.67	-0.11	-3.00	
3.54	2.89	2.23	3.68	-0.03	-2.90	
3.55	2.94	2.30	3.69	0.05	-2.77	
3.55	2.97	2.35	3.69	0.11	-2.64	
3.54	3.00	2.40	3.65	0.16	-2.53	
3.52	3.02	2.44	3.60	0.19	-2.43	
3.50	3.03	2.48	3.52	0.20	-2.35	
3.48	3.04	2.51	3.43	0.21	-2.27	
3.45	3.05	2.54	3.32	0.20	-2.19	
3.42	3.05	2.56	3.21	0.19	-2.12	
3.38	3.04	2.57	3.07	0.16	-2.07	
3.34	3.02	2.57	2.93	0.13	-2.04	
3.29	3.00	2.56	2.78	0.09	-2.02	
3.24	2.96	2.55	2.63	0.05	-2.00	
3.18	2.92	2.53	2.49	0.00	-1.99	
3.11	2.88	2.51	2.35	-0.04	-1.99	
3.05	2.83	2.49	2.21	-0.08	-1.98	
3.00	2.78	2.49	2.08	-0.11	-1.97	
2.95	2.75	2.50	1.96	-0.13	-1.95	
2.92	2.72	2.53	1.84	-0.14	-1.92	
2.90	2.71	2.57	1.73	-0.15	-1.89	
2.89	2.71	2.63	1.63	-0.14	-1.86	
2.89	2.72	2.68	1.52	-0.14	-1.84	
2.89	2.73	2.73	1.41	-0.13	-1.84	
2.90	2.74	2.76	1.30	-0.12	-1.85	
2.92	2.75	2.78	1.19	-0.11	-1.87	
2.93	2.76	2.78	1.09	-0.09	-1.89	
2.95	2.76	2.75	1.00	-0.06	-1.89	
2.96	2.76	2.71	0.92	-0.02	-1.86	
2.96	2.75	2.65	0.86	0.04	-1.79	
2.95	2.73	2.58	0.80	0.12	-1.68	
2.94	2.70	2.50	0.77	0.21	-1.52	
2.93	2.67	2.40	0.77	0.32	-1.31	
2.91	2.64	2.30	0.79	0.45	-1.07	
2.89	2.60	2.20	0.83	0.58	-0.80	
2.86	2.56	2.11	0.90	0.73	-0.53	
2.83	2.51	2.01	1.00	0.89	-0.26	
2.80	2.47	1.92	1.13	1.07	0.00	
2.76	2.42	1.84	1.30	1.26	0.24	
2.72	2.38	1.76	1.49	1.46	0.45	
2.69	2.35	1.70	1.72	1.66	0.62	
2.67	2.32	1.66	1.96	1.87	0.76	
2.65	2.31	1.64	2.21	2.08	0.88	
2.64	2.30	1.63	2.48	2.30	1.01	
2.63	2.29	1.62	2.76	2.51	1.15	
2.62	2.29	1.63	3.05	2.73	1.31	
2.62	2.29	1.65	3.35	2.95	1.49	
2.62	2.29	1.67	3.65	3.16	1.70	
2.63	2.30	1.71	3.95	3.37	1.93	
2.64	2.32	1.76	4.24	3.57	2.16	
2.66	2.34	1.82	4.53	3.76	2.40	
2.67	2.36	1.88	4.82	3.95	2.64	
2.69	2.39	1.92	5.09	4.12	2.88	
2.72	2.41	1.96	5.36	4.29	3.10	
2.74	2.44	1.98	5.61	4.44	3.31	
2.75	2.45	1.98	5.85	4.58	3.48	
2.76	2.45	1.96	6.06	4.70	3.60	
2.76	2.44	1.91	6.26	4.78	3.66	
2.76	2.43	1.85	6.43	4.84	3.63	
2.75	2.41	1.79	6.58	4.86	3.53	
2.74	2.39	1.74	6.71	4.85	3.36	
2.74	2.38	1.70	6.82	4.82	3.15	
2.75	2.38	1.68	6.91	4.77	2.93	
2.75	2.38	1.68	7.00	4.73	2.70	
2.76	2.39	1.69	7.08	4.69	2.50	
2.77	2.41	1.70	7.15	4.67	2.33	
2.78	2.43	1.72	7.23	4.66	2.21	
2.80	2.45	1.75	7.31	4.68	2.12	
2.82	2.48	1.77	7.38	4.71	2.06	
2.84	2.51	1.79	7.45	4.74	2.02	
2.87	2.55	1.81	7.50	4.77	2.00	
2.90	2.58	1.83	7.54	4.80	1.98	
2.93	2.61	1.84	7.56	4.82	1.97	
2.96	2.64	1.85	7.58	4.83	1.98	
2.98	2.66	1.86	7.58	4.83	1.98	
3.00	2.67	1.86	7.57	4.81	1.98	
3.02	2.67	1.86	7.55	4.78	1.97	
3.01	2.66	1.85	7.53	4.75	1.96	
3.00	2.63	1.83	7.51	4.71	1.93	
2.98	2.59	1.79	7.50	4.68	1.91	
2.96	2.54	1.75	7.50	4.66	1.87	
2.94	2.49	1.71	7.50	4.64	1.83	
2.91	2.44	1.66	7.50	4.63	1.78	
2.89	2.39	1.62	7.51	4.63	1.71	
2.87	2.35	1.58	7.53	4.63	1.63	
2.84	2.30	1.54	7.55	4.64	1.55	
2.82	2.26	1.51	7.59	4.65	1.46	
2.80	2.21	1.49	7.64	4.68	1.38	
2.78	2.18	1.46	7.71	4.70	1.31	
2.75	2.14	1.45	7.78	4.74	1.25	
2.73	2.10	1.44	7.87	4.79	1.21	
2.70	2.07	1.43	7.98	4.85	1.20	
2.68	2.04	1.43	8.11	4.94	1.23	
2.66	2.02	1.43	8.26	5.04	1.28	
2.65	2.01	1.44	8.43	5.16	1.36	
2.65	2.01	1.44	8.61	5.30	1.46	
2.66	2.03	1.46	8.80	5.45	1.58	
2.67	2.05	1.48	8.98	5.61	1.71	
2.69	2.08	1.51	9.17	5.76	1.85	
2.71	2.11	1.54	9.34	5.91	1.98	
2.73	2.13	1.56	9.52	6.05	2.11	
2.75	2.16	1.56	9.68	6.19	2.22	
2.76	2.17	1.56	9.84	6.32	2.33	
2.77	2.17	1.54	10.00	6.45	2.42	
2.76	2.17	1.50	10.15	6.57	2.51	
2.75	2.16	1.46	10.28	6.69	2.59	
2.73	2.15	1.41	10.41	6.80	2.66	
2.71	2.14	1.37	10.53	6.91	2.73	
2.68	2.13	1.34	10.65	7.01	2.79	
2.66	2.12	1.32	10.76	7.11	2.85	
2.65	2.12	1.33	10.86	7.20	2.90	
2.63	2.13	1.34	10.94	7.28	2.94	
2.61	2.13	1.37	11.02	7.34	2.98	
2.59	2.14	1.39	11.08	7.39	3.02	
2.57	2.15	1.42	11.13	7.42	3.05	
2.55	2.15	1.43	11.17	7.42	3.07	
2.53	2.15	1.43	11.19	7.40	3.06	
2.51	2.14	1.39	11.18	7.35	3.02	
2.48	2.12	1.34	11.15	7.27	2.95	
2.44	2.09	1.28	11.11	7.17	2.86	
2.41	2.06	1.21	11.05	7.05	2.77	
2.38	2.03	1.15	10.98	6.93	2.66	
2.35	2.00	1.11	10.90	6.80	2.55	
2.33	1.96	1.08	10.82	6.67	2.45	
2.30	1.93	1.06	10.75	6.56	2.36	
2.27	1.89	1.04	10.68	6.46	2.29	
2.25	1.86	1.04	10.62	6.38	2.25	
2.22	1.83	1.05	10.57	6.32	2.25	
2.20	1.80	1.06	10.53	6.28	2.30	
2.18	1.77	1.09	10.50	6.27	2.38	
2.15	1.75	1.12	10.48	6.28	2.49	
2.13	1.73	1.14	10.46	6.31	2.63	
2.10	1.70	1.16	10.45	6.36	2.78	
2.06	1.67	1.17	10.45	6.42	2.93	
2.02	1.63	1.17	10.44	6.48	3.08	
1.97	1.59	1.15	10.43	6.55	3.21	
1.92	1.55	1.13	10.41	6.61	3.33	
1.86	1.50	1.11	10.38	6.68	3.45	
1.80	1.45	1.10	10.35	6.74	3.56	
1.73	1.41	1.10	10.30	6.79	3.67	
1.68	1.38	1.11	10.26	6.82	3.79	
1.62	1.36	1.13	10.19	6.85	3.90	
1.58	1.34	1.16	10.12	6.86	4.00	
1.54	1.33	1.18	10.02	6.85	4.10	
1.50	1.32	1.21	9.92	6.83	4.19	
1.47	1.32	1.22	9.82	6.80	4.27	
1.44	1.31	1.23	9.71	6.76	4.33	
1.42	1.31	1.23	9.60	6.70	4.37	
1.40	1.30	1.23	9.47	6.63	4.38	
1.39	1.30	1.21	9.34	6.53	4.34	
1.38	1.29	1.19	9.20	6.42	4.25	
1.36	1.29	1.16	9.05	6.29	4.12	
1.35	1.28	1.13	8.89	6.14	3.96	
1.32	1.26	1.10	8.72	5.99	3.77	
1.29	1.23	1.07	8.56	5.85	3.59	
1.26	1.20	1.04	8.41	5.72	3.44	
1.21	1.17	1.01	8.27	5.62	3.33	
1.17	1.14	1.00	8.15	5.56	3.28	
1.12	1.10	0.98	8.07	5.54	3.28	
1.07	1.06	0.96	8.01	5.55	3.32	
1.02	1.01	0.94	7.98	5.61	3.38	
0.96	0.96	0.91	7.97	5.69	3.45	
0.91	0.91	0.88	7.97	5.78	3.53	
0.85	0.86	0.85	7.98	5.89	3.60	
0.80	0.81	0.83	7.98	5.99	3.66	
0.76	0.77	0.81	7.98	6.08	3.73	
0.72	0.73	0.78	7.97	6.18	3.80	
0.68	0.68	0.74	7.96	6.26	3.87	
0.64	0.64	0.69	7.94	6.34	3.94	
0.61	0.60	0.64	7.92	6.40	4.01	
0.58	0.56	0.58	7.88	6.45	4.07	
0.56	0.53	0.52	7.83	6.48	4.09	
0.55	0.51	0.45	7.75	6.47	4.06	
0.53	0.48	0.37	7.65	6.42	3.97	
0.52	0.47	0.30	7.53	6.34	3.82	
0.52	0.46	0.23	7.38	6.23	3.63	
0.51	0.47	0.18	7.23	6.10	3.42	
0.52	0.47	0.13	7.06	5.94	3.20	
0.52	0.49	0.10	6.88	5.78	3.00	
0.52	0.50	0.07	6.71	5.63	2.82	
0.52	0.51	0.05	6.53	5.47	2.70	
0.51	0.52	0.03	6.35	5.33	2.63	
0.50	0.52	0.02	6.18	5.19	2.61	
0.50	0.52	0.02	5.98	5.04	2.62	
0.48	0.51	0.01	5.78	4.90	2.64	
0.47	0.50	-0.01	5.56	4.75	2.67	
0.45	0.48	-0.03	5.34	4.60	2.72	
0.42	0.45	-0.05	5.11	4.45	2.77	
0.39	0.42	-0.06	4.90	4.30	2.83	
0.36	0.39	-0.08	4.70	4.16	2.89	
0.32	0.36	-0.09	4.51	4.03	2.94	
0.28	0.33	-0.11	4.33	3.90	2.98	
0.25	0.30	-0.13	4.17	3.77	2.99	
0.21	0.26	-0.17	4.01	3.65	2.98	
0.17	0.23	-0.20	3.87	3.52	2.94	
0.13	0.19	-0.24	3.74	3.40	2.87	
0.10	0.16	-0.27	3.62	3.29	2.77	
0.08	0.14	-0.30	3.50	3.18	2.65	
0.06	0.13	-0.32	3.40	3.07	2.51	
0.06	0.13	-0.32	3.30	2.97	2.36	
0.07	0.14	-0.33	3.21	2.87	2.22	
0.09	0.16	-0.32	3.13	2.78	2.09	
0.11	0.19	-0.30	3.06	2.70	1.97	
0.15	0.22	-0.27	3.00	2.62	1.85	
0.19	0.26	-0.21	2.95	2.56	1.74	
0.23	0.31	-0.14	2.91	2.50	1.65	
0.28	0.36	-0.06	2.89	2.46	1.56	
0.33	0.41	0.03	2.89	2.43	1.49	
0.37	0.47	0.13	2.91	2.43	1.43	
0.42	0.51	0.22	2.95	2.45	1.39	
0.47	0.56	0.29	3.01	2.50	1.36	
0.52	0.60	0.35	3.10	2.58	1.34	
0.57	0.65	0.40	3.20	2.67	1.32	
0.62	0.68	0.42	3.31	2.76	1.30	
0.67	0.72	0.43	3.42	2.87	1.26	
0.72	0.75	0.43	3.52	2.96	1.20	
0.77	0.79	0.44	3.60	3.04	1.12	
0.82	0.84	0.45	3.67	3.11	1.04	
0.88	0.89	0.47	3.71	3.17	0.97	
0.94	0.95	0.51	3.74	3.22	0.93	
1.00	1.01	0.55	3.76	3.26	0.93	
1.06	1.07	0.58	3.77	3.30	0.97	
1.10	1.12	0.62	3.77	3.35	1.07	
1.14	1.16	0.64	3.78	3.41	1.22	
1.17	1.20	0.66	3.79	3.47	1.43	
1.20	1.23	0.67	3.79	3.54	1.68	
1.21	1.25	0.67	3.80	3.60	1.95	
1.23	1.26	0.67	3.80	3.67	2.24	
1.24	1.27	0.66	3.80	3.73	2.52	
1.24	1.26	0.65	3.81	3.78	2.80	
1.25	1.26	0.64	3.81	3.83	3.07	
1.27	1.26	0.64	3.80	3.86	3.30	
1.29	1.26	0.66	3.78	3.87	3.50	
1.32	1.26	0.69	3.74	3.85	3.66	
1.35	1.27	0.71	3.68	3.82	3.79	
1.38	1.27	0.73	3.60	3.76	3.88	
1.40	1.26	0.73	3.50	3.69	3.94	
1.43	1.25	0.72	3.38	3.58	3.96	
1.46	1.24	0.70	3.24	3.45	3.95	
1.48	1.23	0.67	3.08	3.30	3.90	
1.50	1.21	0.63	2.89	3.13	3.81	
1.52	1.20	0.59	2.70	2.94	3.70	
1.54	1.18	0.55	2.51	2.76	3.58	
1.56	1.17	0.52	2.31	2.57	3.44	
1.58	1.17	0.50	2.12	2.39	3.28	
1.59	1.18	0.50	1.91	2.21	3.10	
1.61	1.19	0.50	1.70	2.02	2.90	
1.62	1.20	0.50	1.48	1.83	2.69	
1.63	1.21	0.50	1.25	1.65	2.48	
1.64	1.23	0.50	1.03	1.46	2.27	
1.64	1.24	0.50	0.81	1.30	2.08	
1.64	1.26	0.51	0.61	1.14	1.90	
1.64	1.28	0.51	0.42	0.99	1.73	
1.65	1.30	0.53	0.23	0.84	1.56	
1.65	1.32	0.54	0.04	0.69	1.40	
1.65	1.35	0.57	-0.15	0.54	1.23	
1.66	1.37	0.60	-0.33	0.39	1.05	
1.66	1.39	0.64	-0.50	0.23	0.85	
1.66	1.42	0.69	-0.68	0.07	0.62	
1.66	1.44	0.73	-0.85	-0.10	0.36	
1.66	1.45	0.76	-1.02	-0.26	0.10	
1.66	1.46	0.76	-1.18	-0.42	-0.15	
1.65	1.46	0.75	-1.32	-0.55	-0.38	
1.64	1.45	0.73	-1.44	-0.66	-0.57	
1.63	1.45	0.69	-1.54	-0.75	-0.72	
1.61	1.44	0.65	-1.62	-0.80	-0.81	
1.60	1.42	0.60	-1.67	-0.83	-0.84	
1.58	1.41	0.54	-1.71	-0.85	-0.82	
1.55	1.39	0.47	-1.74	-0.85	-0.75	
1.52	1.36	0.41	-1.76	-0.84	-0.65	
1.49	1.33	0.34	-1.78	-0.82	-0.52	
1.44	1.29	0.28	-1.80	-0.79	-0.38	
1.40	1.25	0.23	-1.83	-0.76	-0.23	
1.35	1.21	0.18	-1.86	-0.72	-0.10	
1.30	1.16	0.14	-1.89	-0.69	0.02	
1.24	1.11	0.10	-1.93	-0.66	0.10	
1.18	1.06	0.07	-1.98	-0.62	0.16	
1.13	1.02	0.06	-2.01	-0.59	0.19	
1.09	0.98	0.06	-2.05	-0.56	0.21	
1.06	0.96	0.09	-2.08	-0.53	0.21	
1.04	0.95	0.13	-2.11	-0.51	0.21	
1.02	0.94	0.20	-2.15	-0.48	0.21	
1.01	0.95	0.27	-2.17	-0.45	0.24	
1.01	0.95	0.34	-2.18	-0.41	0.29	
1.01	0.97	0.41	-2.17	-0.35	0.37	
1.01	0.98	0.48	-2.15	-0.28	0.47	
1.02	1.00	0.53	-2.12	-0.20	0.57	
1.02	1.02	0.57	-2.10	-0.12	0.68	
1.03	1.04	0.60	-2.07	-0.05	0.77	
1.04	1.06	0.63	-2.05	0.01	0.85	
1.04	1.08	0.64	-2.05	0.06	0.92	
1.04	1.09	0.65	-2.05	0.09	0.97	
1.05	1.12	0.67	-2.07	0.10	0.98	
1.05	1.14	0.69	-2.10	0.08	0.96	
1.06	1.17	0.72	-2.14	0.05	0.91	
1.07	1.21	0.76	-2.18	0.00	0.85	
1.09	1.25	0.81	-2.21	-0.05	0.78	
1.09	1.28	0.86	-2.23	-0.09	0.74	
1.10	1.31	0.90	-2.22	-0.12	0.73	
1.10	1.34	0.94	-2.19	-0.15	0.75	
1.10	1.37	0.97	-2.14	-0.16	0.81	
1.09	1.39	0.99	-2.08	-0.16	0.90	
1.07	1.40	1.01	-2.00	-0.15	1.01	
1.05	1.41	1.02	-1.92	-0.14	1.13	
1.02	1.41	1.02	-1.84	-0.13	1.25	
0.99	1.41	1.01	-1.75	-0.12	1.36	
0.95	1.41	1.00	-1.67	-0.11	1.46	
0.91	1.40	0.99	-1.59	-0.10	1.56	
0.87	1.39	0.97	-1.51	-0.08	1.65	
0.83	1.38	0.94	-1.42	-0.05	1.73	
0.78	1.35	0.90	-1.33	-0.01	1.81	
0.74	1.32	0.84	-1.23	0.03	1.87	
0.70	1.29	0.77	-1.13	0.08	1.93	
0.67	1.25	0.70	-1.04	0.12	1.97	
0.64	1.22	0.62	-0.95	0.16	2.00	
0.61	1.17	0.53	-0.89	0.20	2.01	
0.58	1.12	0.44	-0.84	0.22	2.00	
0.55	1.07	0.34	-0.80	0.24	1.97	
0.52	1.02	0.24	-0.78	0.25	1.94	
0.50	0.97	0.16	-0.77	0.26	1.89	
0.48	0.93	0.10	-0.75	0.28	1.86	
0.46	0.90	0.06	-0.74	0.30	1.83	
0.45	0.87	0.03	-0.71	0.33	1.82	
0.44	0.85	0.01	-0.68	0.37	1.83	
0.42	0.82	0.00	-0.64	0.41	1.85	
0.41	0.80	0.01	-0.59	0.45	1.89	
0.39	0.78	0.02	-0.55	0.50	1.93	
0.38	0.77	0.05	-0.52	0.53	1.97	
0.37	0.75	0.07	-0.49	0.56	2.02	
0.35	0.74	0.10	-0.45	0.59	2.07	
0.34	0.72	0.13	-0.42	0.61	2.12	
0.32	0.70	0.15	-0.37	0.64	2.18	
0.30	0.68	0.16	-0.32	0.67	2.24	
0.27	0.65	0.17	-0.26	0.71	2.31	
0.25	0.61	0.16	-0.19	0.74	2.37	
0.22	0.57	0.14	-0.13	0.76	2.41	
0.19	0.53	0.11	-0.07	0.77	2.42	
0.15	0.48	0.08	-0.01	0.77	2.41	
0.12	0.43	0.04	0.05	0.76	2.38	
0.08	0.40	0.00	0.12	0.76	2.33	
0.06	0.37	-0.02	0.20	0.75	2.28	
0.04	0.36	-0.02	0.27	0.74	2.22	
0.04	0.37	-0.00	0.36	0.73	2.15	
0.05	0.40	0.03	0.44	0.73	2.08	
0.08	0.43	0.07	0.53	0.72	2.00	
0.11	0.48	0.12	0.62	0.72	1.91	
0.15	0.52	0.16	0.72	0.73	1.82	
0.20	0.58	0.20	0.82	0.75	1.74	
0.25	0.63	0.24	0.93	0.78	1.68	
0.31	0.69	0.26	1.06	0.82	1.62	
0.37	0.74	0.29	1.19	0.87	1.58	
0.43	0.79	0.31	1.33	0.93	1.55	
0.49	0.84	0.34	1.47	0.98	1.52	
0.55	0.89	0.37	1.60	1.03	1.49	
0.61	0.93	0.40	1.73	1.06	1.46	
0.67	0.97	0.45	1.84	1.09	1.42	
0.71	0.99	0.49	1.95	1.11	1.40	
0.76	1.01	0.53	2.05	1.13	1.37	
0.79	1.02	0.55	2.14	1.15	1.36	
0.81	1.01	0.56	2.23	1.17	1.34	
0.83	1.00	0.54	2.32	1.19	1.31	
0.85	0.98	0.51	2.40	1.20	1.28	
0.86	0.96	0.47	2.47	1.22	1.24	
0.87	0.94	0.43	2.54	1.24	1.21	
0.87	0.91	0.36	2.60	1.27	1.19	
0.87	0.87	0.28	2.67	1.31	1.20	
0.85	0.83	0.19	2.73	1.37	1.22	
0.83	0.79	0.08	2.80	1.43	1.27	
0.81	0.74	-0.02	2.86	1.50	1.32	
0.80	0.70	-0.12	2.91	1.57	1.37	
0.78	0.67	-0.21	2.95	1.63	1.43	
0.77	0.64	-0.29	2.99	1.70	1.50	
0.76	0.61	-0.37	3.01	1.76	1.58	
0.76	0.59	-0.44	3.02	1.82	1.67	
0.76	0.58	-0.49	3.03	1.88	1.76	
0.76	0.57	-0.52	3.02	1.93	1.85	
0.76	0.56	-0.53	3.01	1.98	1.93	
0.75	0.55	-0.53	3.00	2.02	2.00	
0.74	0.54	-0.53	2.98	2.05	2.08	
0.72	0.53	-0.51	2.97	2.08	2.15	
0.70	0.51	-0.50	2.96	2.11	2.22	
0.68	0.49	-0.49	2.96	2.12	2.28	
0.66	0.47	-0.48	2.95	2.13	2.33	
0.64	0.45	-0.48	2.94	2.12	2.37	
0.62	0.43	-0.48	2.93	2.11	2.41	
0.59	0.41	-0.47	2.92	2.09	2.46	
0.56	0.40	-0.45	2.92	2.08	2.52	
0.54	0.38	-0.42	2.93	2.08	2.59	
0.52	0.38	-0.37	2.95	2.07	2.67	
0.49	0.37	-0.32	2.96	2.06	2.73	
0.47	0.38	-0.26	2.98	2.05	2.77	
0.44	0.38	-0.19	2.99	2.02	2.80	
0.42	0.40	-0.13	3.00	1.99	2.80	
0.41	0.41	-0.06	3.01	1.95	2.78	
0.39	0.43	0.00	3.01	1.90	2.74	
0.38	0.45	0.06	3.00	1.86	2.70	
0.38	0.46	0.12	2.99	1.81	2.66	
0.37	0.48	0.16	2.97	1.77	2.61	
0.36	0.50	0.20	2.96	1.74	2.55	
0.35	0.52	0.24	2.94	1.72	2.50	
0.34	0.53	0.27	2.93	1.71	2.45	
0.33	0.54	0.29	2.92	1.71	2.40	
0.31	0.54	0.29	2.91	1.71	2.36	
0.28	0.53	0.26	2.90	1.72	2.31	
0.24	0.50	0.21	2.88	1.73	2.26	
0.18	0.45	0.13	2.86	1.74	2.21	
0.11	0.37	0.03	2.84	1.75	2.16	
0.03	0.29	-0.10	2.82	1.76	2.11	
-0.07	0.19	-0.24	2.79	1.77	2.08	
-0.16	0.08	-0.39	2.77	1.79	2.07	
-0.25	-0.03	-0.53	2.74	1.82	2.09	
-0.34	-0.13	-0.66	2.71	1.84	2.13	
-0.42	-0.21	-0.76	2.68	1.87	2.18	
-0.48	-0.29	-0.83	2.65	1.89	2.25	
-0.53	-0.34	-0.88	2.61	1.91	2.32	
-0.57	-0.37	-0.91	2.58	1.92	2.39	
-0.59	-0.39	-0.91	2.55	1.93	2.47	
-0.60	-0.40	-0.90	2.51	1.94	2.55	
-0.61	-0.39	-0.87	2.48	1.93	2.61	
-0.61	-0.38	-0.84	2.44	1.91	2.67	
-0.61	-0.36	-0.80	2.39	1.87	2.69	
-0.61	-0.34	-0.75	2.34	1.80	2.68	
-0.60	-0.32	-0.70	2.28	1.72	2.63	
-0.60	-0.30	-0.65	2.22	1.62	2.56	
-0.59	-0.28	-0.60	2.15	1.51	2.46	
-0.59	-0.26	-0.56	2.08	1.38	2.36	
-0.58	-0.24	-0.52	2.03	1.27	2.25	
-0.58	-0.22	-0.49	1.98	1.16	2.17	
-0.57	-0.20	-0.46	1.96	1.08	2.11	
-0.57	-0.18	-0.43	1.96	1.04	2.11	
-0.56	-0.16	-0.40	1.99	1.03	2.15	
-0.57	-0.15	-0.38	2.05	1.05	2.25	
-0.57	-0.15	-0.36	2.13	1.11	2.38	
-0.59	-0.16	-0.36	2.23	1.19	2.53	
-0.61	-0.17	-0.37	2.33	1.28	2.68	
-0.63	-0.19	-0.38	2.44	1.39	2.83	
-0.65	-0.22	-0.40	2.55	1.49	2.96	
-0.67	-0.25	-0.43	2.65	1.59	3.07	
-0.70	-0.29	-0.47	2.75	1.69	3.15	
-0.74	-0.33	-0.52	2.85	1.79	3.22	
-0.77	-0.38	-0.59	2.96	1.90	3.28	
-0.81	-0.43	-0.65	3.06	2.01	3.33	
-0.84	-0.48	-0.71	3.17	2.13	3.37	
-0.86	-0.52	-0.76	3.28	2.25	3.41	
-0.88	-0.56	-0.80	3.38	2.36	3.45	
-0.89	-0.59	-0.83	3.47	2.47	3.48	
-0.91	-0.62	-0.86	3.53	2.55	3.49	
-0.94	-0.66	-0.88	3.58	2.62	3.48	
-0.96	-0.69	-0.90	3.60	2.66	3.45	
-0.99	-0.71	-0.90	3.61	2.69	3.42	
-1.01	-0.74	-0.90	3.61	2.70	3.38	
-1.03	-0.76	-0.89	3.60	2.71	3.35	
-1.05	-0.77	-0.88	3.59	2.71	3.32	
-1.08	-0.79	-0.86	3.57	2.71	3.31	
-1.11	-0.81	-0.84	3.56	2.71	3.31	
-1.14	-0.84	-0.82	3.54	2.71	3.34	
-1.18	-0.87	-0.81	3.52	2.71	3.37	
-1.22	-0.91	-0.80	3.49	2.70	3.42	
-1.28	-0.96	-0.80	3.45	2.68	3.46	
-1.34	-1.01	-0.81	3.39	2.64	3.49	
-1.41	-1.07	-0.83	3.31	2.58	3.48	
-1.49	-1.14	-0.84	3.22	2.50	3.45	
-1.57	-1.21	-0.87	3.12	2.39	3.39	
-1.65	-1.27	-0.89	3.00	2.27	3.31	
-1.73	-1.33	-0.91	2.87	2.13	3.21	
-1.81	-1.40	-0.94	2.74	1.98	3.11	
-1.89	-1.46	-0.97	2.59	1.83	3.00	
-1.97	-1.52	-1.00	2.45	1.66	2.90	
-2.04	-1.58	-1.03	2.30	1.50	2.81	
-2.12	-1.63	-1.07	2.16	1.34	2.70	
-2.19	-1.69	-1.10	2.01	1.19	2.59	
-2.26	-1.74	-1.13	1.86	1.03	2.47	
-2.33	-1.79	-1.17	1.70	0.86	2.32	
-2.41	-1.84	-1.21	1.54	0.69	2.16	
-2.49	-1.90	-1.26	1.37	0.52	2.01	
-2.57	-1.95	-1.30	1.20	0.35	1.87	
-2.65	-2.00	-1.36	1.04	0.20	1.75	
-2.74	-2.05	-1.41	0.89	0.08	1.67	
-2.83	-2.11	-1.48	0.75	-0.02	1.63	
-2.92	-2.16	-1.55	0.63	-0.10	1.63	
-3.02	-2.22	-1.62	0.52	-0.15	1.65	
-3.13	-2.28	-1.70	0.44	-0.18	1.70	
-3.25	-2.34	-1.78	0.36	-0.20	1.76	
-3.36	-2.41	-1.86	0.30	-0.19	1.83	
-3.48	-2.47	-1.94	0.24	-0.18	1.91	
-3.60	-2.54	-2.03	0.19	-0.15	2.00	
-3.73	-2.61	-2.11	0.15	-0.11	2.09	
-3.86	-2.69	-2.20	0.12	-0.07	2.19	
-3.98	-2.76	-2.30	0.09	-0.03	2.28	
-4.10	-2.84	-2.39	0.06	0.01	2.34	
-4.22	-2.91	-2.47	0.04	0.04	2.38	
-4.32	-2.97	-2.54	0.01	0.05	2.38	
-4.41	-3.04	-2.60	-0.03	0.05	2.35	
-4.50	-3.09	-2.64	-0.08	0.03	2.28	
-4.57	-3.15	-2.67	-0.13	-0.01	2.19	
-4.65	-3.21	-2.69	-0.20	-0.07	2.09	
-4.71	-3.26	-2.71	-0.28	-0.13	1.98	
-4.78	-3.31	-2.72	-0.36	-0.20	1.87	
-4.84	-3.37	-2.74	-0.45	-0.27	1.76	
-4.90	-3.43	-2.78	-0.54	-0.35	1.67	
-4.97	-3.50	-2.84	-0.64	-0.42	1.59	
-5.04	-3.58	-2.92	-0.74	-0.50	1.51	
-5.12	-3.67	-3.01	-0.84	-0.57	1.43	
-5.19	-3.74	-3.10	-0.92	-0.64	1.36	
-5.23	-3.79	-3.15	-0.96	-0.67	1.32	
						
						
						
						
						
						
						
						
						
						
						
						
						
						
						
						
						
						
						
						
						
						
						
						
						
						
						
						
						
						
						
						
						
						
						
						
						
						
						
						
						
						
						
						
						
						
						
						
						
						
						
						
						
						
						
						
						
						
						
						
						
						
						
						
						
						
						
						
						
						
						
						
						
						
						
						
						
						
						
						
						
						
						
						
						
						
						
						
						
						
						
						
						
						
						
						
						
						
						
						
						
						
						
						
						
						
						
						
						
						
						
						
						
						
						
						
						
						
						
						
						
						
						
						
						
						
						
						
						
						
						
						
						
						
						
						
						
						
						
						
						
						
						
						
						
						
						
						
						
						
						
						
						
						
						
						
						
						
						
						
						
						
						
						
						
						
						
						
						
						
						
						
						
						
						
						
						
						
						
						
						
						
						
						
						
						
						
						
						
						
						
						
						
						
						
						
						
						
						
						
						
						
						
						
						
						
						
						
						
						
						
						
						
						
						
						
						
						
						
						
						
						
						
						
						
						
						
						
						
						
						
						
						
						
						
						
						
						
						
						
						
						
						
						
						
						
						
						
						
						
						
						
						
						
						
						
						
						
						
						
						
						
						
						
						
						
						
						
						
						
						
						
						
						
						
						
						
						
						
						
						
						
						
						
						
						
						
						
						
						
						
						
						
						
						
						
						
						
						
						
						
						
						
						
						
						
						
						
						
						
						
						
						
						
						
						
						
						
						
						
						
						
						
						
						
						
						
						
						
						
						
						
						
						
						
						
						
						
						
						
						
						
						
						
						
						
						
						
						
						
						
						
						
						
						
						
						
						
						
						
						
						
						
						
						
						
						
						
						
						
						
						
						
						
						
						
						
						
						
						
						
						
						
						
						
						
						
						
						
						
						
						
						
						
						
						
						
						
						
						
						
						
						
						
						
						
						
						
						
						
						
						
						
						
						
						
						
						
						
						
						
						
						
						
						
						
						
						
						
						
						
						
						
						
						
						
						
						
						
						
						
						
						
						
						
						
						
						
						
						
						
						
						
						
						
						
						
						
						
						
						
						
						
						
						
						
						
						
						
						
						
						
						
						
						
						
						
						
						
						
						
						
						
						
						
						
						
						
						
						
						
						
						
						
						
						
						
						
						
						
						
						
						
						
						
						
						
						
						
						
						
						
						
						
						
						
						
						
						
						
						
						
						
						
						
						
						
						
						
						
						
						
						
						
						
						
						
						
						
						
						
						
						
						
						
						
						
						
						
						
						
						
						
						
						
						
						
						
						
						
						
						
						
						
						
						
						
						
						
						
						
						
						
						
						
						
						
						
						
						
						
						
						
						
						
						
						
						
						
						
						
						
						
						
						
						
						
						
						
						
						
						
						
						
						
						
						
						
						
						
						
						
						
						
						
						
						
						
						
						
						
						
						
						
						
						
						
						
						
						
						
						
						
						
						
						
						
						
						
						
						
						
						
						
						
						
						
						
						
						
						
						
						
						
						
						
						
						
						
						
						
						
						
						
						
						
						
						
						
						
						
						
						
						
						
						
						
						
						
						
						
						
						
						
						
						
						
						
						
						
						
						
						
						
						
						
						
						
						
						
						
						
						
						
						
						
						
						
						
						
						
						
						
						
						
						
						
						
						
						
						
						
						
						
						
						
						
						
						
						
						
						
						
						
						
						
						
						
						
						
						
						
						
						
						
						
						
						
						
						
						
						
						
						
						
						
						
						
						
						
						
						
						
						
						
						
						
						
						
						
						
						
						
						
						
						
						
						
						
						
						
						
						
						
						
						
						
						
						
						
						
						
						
						
						
						
						
						
						
						
						
						
						
						
						
						
						
						
						
						
						
						
						
						
						
						
						
						
						
						
						
						
						
						
						
						
						
						
						
						
						
						
						
						
						
						
						
						
						
						
						
						
						
						
						
						
						
						
						
						
						
						
						
						
						
						
						
						
						
						
						
						
						
						
						
						
						
						
						
						
						
						
						
						
						
						
						
						
						
						
						
						
						
						
						
						
						
						
						
						
						
						
						
						
						
						
						
						
						
						
						
						
						
						
						
						
						
						
						
						
						
						
						
						
						
						
						
						
						
						
						
						
						
						
						
						
						
						
						
						
						
						
						
						
						
						
						
						
						
						
						
						
						
						
						
						
						
						
						
						
						
						
						
						
						
						
						
						
						
						
						
						
						
						
						
						
						
						
						
						
						
						
						
						
						
						
						
						
						
						
						
						
						
						
						
						
						
						
						
						
						
						
						
						
						
						
						
						
						
						
						
						
						
						
						
						
						
						
						
						
						
						
						
						
						
						
						
						
						
						
						
						
						
						
						
						
						
						
						
						
						
						
						
						
						
						
						
						
						
						
						
						
						
						
						
						
						
						
						
						
						
						
						
						
						
						
						
						
						
						
						
						
						
						
						
						
						
						
						
						
						
						
						
						
						
						
						
						
						
						
						
						
						
						
						
						
						
						
						
						
						
						
						
						
						
						
						
						
						
						
						
						
						
						
						
						
						
						
						
						
						
						
						
						
						
						
						
						
						
						
						
						
						
						
						
						
						
						
						
						
						
						
						
						
						
						
						
						
						
						
						
						
						
						
						
						
						
						
						
						
						
						
						
						
						
						
						
						
						
						
						
						
						
						
						
						
						
						
						
						
						
						
						
						
						
						
						
						
						
						
						
						
						
						
						
						
						
						
						
						
						
						
						
						
						
						
						
						
						
						
						
						
						
						
						
						
						
						
						
						
						
						
						
						
						
						
						
						
						
						
						
						
						
						
						
						
						
						
						
						
						
						
						
						
						
						
						
						
						
						
						
						
						
						
						
						
						
						
						
						
						
						
						
						
						
						
						
						
						
						
						
						
						
						
						
						
						
						
						
						
						
						
						
						
						
						
						
						
						
						
						
						
						
						
						
						
						
						
						
						
						
						
						
						
						
						
						
						
						
						
						
						
						
						
						
						
						
						
						
						
						
						
						
						
						
						
						
						
						
						
						
						
						
						
						
						
						
						
						
						
						
						
						
						
						
						
						
						
						
						
						
						
						
						
						
						
						
						
						
						
						
						
						
						
						
						
						
						
						
						
						
						
						
						
						
						
						
						
						
						
						
						
						
						
						
						
						
						
						
						
						
						
						
						
						
						
						
						
						
						
						
						
						
						
						
						
						
						
						
						
						
						
						
						
						
						
						
						
						
						
						
						
						
						
						
						
						
						
						
						
						
						
						
						
						
						
						
						
						
						
						
						
						
						
						
						
						
						
						
						
						
						
						
						
						
						
						
						
						
						
						
						
						
						
						
						
						
						
						
						
						
						
						
						
						
						
						
						
						
						
						
						
						
						
						
						
						
						
						
						
						
						
						
						
						
						
						
						
						
						
						
						
						
						
						
						
						
						
						
						
						
						
						
						
						
						
						
						
						
						
						
						
						
						
						
						
						
						
						
						
						
						
						
						
						
						
						
						
						
						
						
						
						
						
						
						
						
						
						
						
						
						
						
						
						
						
						
						
						
						
						
						
						
						
						
						
						
						
						
						
						
						
						
						
						
						
						
						
						
						
						
						
						
						
						
						
						
						
						
						
						
						
						
						
						
						
						
						
						
						
						
						
						
						
						
						
						
						
						
						
						
						
						
						
						
						
						
						
						
						
						
						
						
						
						
						
						
						
						
						
						
						
						
						
						
						
						
						
						
						
						
						
						
						
						
						
						
						
						
						
						
						
						
						
						
						
						
						
						
						
						
						
						
						
						
						
						
						
						
						
						
						
						
						
						
						
						
						
						
						
						
						
						
						
						
						
						
						
						
						
						
						
						
						
						
						
						
						
						
						
						
						
						
						
						
						
						
						
						
						
						
						
						
						
						
						
						
						
						
						
						
						
						
						
						
						
						
						
						
						
						
						
						
						
						
						
						
						
						
						
						
						
						
						
						
						
						
						
						
						
						
						
						
						
						
						
						
						
						
						
						
						
						
						
						
						
						
						
						
						
						
						
						
						
						
						
						
						
						
						
						
						
						
						
						
						
						
						
						
						
						
						
						
						
						
						
						
						
						
						
						
						
						
						
						
						
						
						
						
						
						
						
						
						
						
						
						
						
						
						
						
						
						
						
						
						
						
						
						
						
						
						
						
						
						
						
						
						
						
						
						
						
						
						
						
						
						
						
						
						
						
						
						
						
						
						
						
						
						
						
						
						
						
						
						
						
						
						
						
						
						
						
						
						
						
						
						
						
						
						
						
						
						
						
						
						
						
						
						
						
						
						
						
						
						
						
						
						
						
						
						
						
						
						
						
						
						
						
						
						
						
						
						
						
						
						
						
						
						
						
						
						
						
						
						
						
						
						
						
						
						
						
						
						
						
						
						
						
						
						
						
						
						
						
						
						
						
						
						
						
						
						
						
						
						
						
						
						
						
						
						
						
						
						
						
						
						
						
						
						
						
						
						
						
						
						
						
						
						
						
						
						
						
						
						
						
						
						
						
						
						
						
						
						
						
						
						
						
						
						
						
						
						
						
						
						
						
						
						
						
						
						
						
						
						
						
						
						
						
						
						
						
						
						
						
						
						
						
						
						
						
						
						
						
						
						
						
						
						
						
						
						
						
						
						
						
						
						
						
						
						
						
						
						
						
						
						
						
						
						
						
						
						
						
						
						
						
						
						
						
						
						
						
						
						
						
						
						
						
						
						
						
						
						
						
						
						
						
						
						
						
						
						
						
						
						
						
						
						
						
						
						
						
						
						
						
						
						
						
						
						
						
						
						
						
						
						
						
						
						
						
						
						
						
						
						
						
						
						
						
						
						
						
						
						
						
						
						
						
						
						
						
						
						
						
						
						
						
						
						
						
						
						
						
						
						
						
						
						
						
						
						
						
						
						
						
						
						
						
						
						
						
						
						
						
						
						
						
						
						
						
						
						
						
						
						
						
						
						
						
						
						
						
						
						
						
						
						
						
						
						
						
						
						
						
						
						
						
						
						
						
						
						
						
						
						
						
						
						
						
						
						
						
						
						
						
						
						
						
						
						
						
						
						
						
						
						
						
						
						
						
						
						
						
						
						
						
						
						
						
						
						
						
						
						
						
						
						
						
						
						
						
						
						
						
						
						
						
						
						
						
						
						
						
						
						
						
						
						
						
						
						
						
						
						
						
						
						
						
						
						
						
						
						
						
						
						
						
						
						
						
						
						
						
						
						
						
						
						
						
						
						
						
						
						
						
						
						
						
						
						
						
						
						
						
						
						
						
						
						
						
						
						
						
						
						
						
						
						
						
						
						
						
						
						
						
						
						
						
						
						
						
						
						
						
						
						
						
						
						
						
						
						
						
						
						
						
						
						
						
						
						
						
						
						
						
						
						
						
						
						
						
						
						
						
						
						
						
						
						
						
						
						
						
						
						
						
						
						
						
						
						
						
						
						
						
						
						
						
						
						
						
						
						
						
						
						
						
						
						
						
						
						
						
						
						
						
						
						
						
						
						
						
						
						
						
						
						
						
						
						
						
						
						
						
						
						
						
						
						
						
						
						
						
						
						
						
						
						
						
						
						
						
						
						
						
						
						
						
						
						
						
						
						
						
						
						
						
						
						
						
						
						
						
						
						
						
						
						
						
						
						
						
						
						
						
						
						
						
						
						
						
						
						
						
						
						
						
						
						
						
						
						
						
						
						
						
						
						
						
						
						
						
						
						
						
						
						
						
						
						
						
						
						
						
						
						
						
						
						
						
						
						
						
						
						
						
						
						
						
						
						
						
						
						
						
						
						
						
						
						
						
						
						
						
						
						
						
						
						
						
						
						
						
						
						
						
						
						
						
						
						
						
						
						
						
						
						
						
						
						
						
						
						
						
						
						
						
						
						
						
						
						
						
						
						
						
						
						
						
						
						
						
						
						
						
						
						
						
						
						
						
						
						
						
						
						
						
						
						
						
						
						
						
						
						
						
						
						
						
						
						
						
						
						
						
						
						
						
						
						
						
						
						
						
						
						
						
						
						
						
						
						
						
						
						
						
						
						
						
						
						
						
						
						
						
						
						
						
						
						
						
						
						
						
						
						
						
						
						
						
						
						
						
						
						
						
						
						
						
						
						
						
						
						
						
						
						
						
						
						
						
						
						
						
						
						
						
						
						
						
						
						
						
						
						
						
						
						
						
						
						
						
						
						
						
						
						
						
						
						
						
						
						
						
						
						
						
						
						
						
						
						
						
						
						
						
						
						
						
						
						
						
						
						
						
						
						
						
						
						
						
						
						
						
						
						
						
						
						
						
						
						
						
						
						
						
						
						
						
						
						
						
						
						
						
						
						
						
						
						
						
						
						
						
						
						
						
						
						
						
						
						
						
						
						
						
						
						
						
						
						
						
						
						
						
						
						
						
						
						
						
						
						
						
						
						
						
						
						
						
						
						
						
						
						
						
						
						
						
						
						
						
						
						
						
						
						
						
						
						
						
						
						
						
						
						
						
						
						
						
						
						
						
						
						
						
						
						
						
						
						
						
						
						
						
						
						
						
						
						
						
						
						
						
						
						
						
						
						
						
						
						
						
						
						
						
						
						
						
						
						
						
						
						
						
						
						
						
						
						
						
						
						
						
						
						
						
						
						
						
						
						
						
						
						
						
						
						
						
						
						
						
						
						
						
						
						
						
						
						
						
						
						
						
						
						
						
						
						
						
						
						
						
						
						
						
						
						
						
						
						
						
						
						
						
						
						
						
						
						
						
						
						
						
						
						
						
						
						
						
						
						
						
						
						
						
						
						
						
						
						
						
						
						
						
						
						
						
						
						
						
						
						
						
						
						
						
						
						
						
						
						
						
						
						
						
						
						
						
						
						
						
						
						
						
						
						
						
						
						
						
						
						
						
						
						
						
						
						
						
						
						
						
						
						
						
						
						
						
						
						
						
						
						
						
						
						
						
						
						
						
						
						
						
						
						
						
						
						
						
						
