0.02	0.02	0.02	0.08	0.03	0.02	
0.07	0.06	0.06	0.24	0.10	0.06	
0.17	0.14	0.13	0.57	0.27	0.17	
0.31	0.25	0.24	1.06	0.54	0.37	
0.47	0.38	0.37	1.67	0.91	0.66	
0.65	0.51	0.50	2.37	1.37	1.02	
0.84	0.65	0.65	3.13	1.88	1.43	
1.03	0.78	0.80	3.92	2.43	1.86	
1.21	0.91	0.94	4.72	2.98	2.31	
1.38	1.03	1.08	5.51	3.53	2.74	
1.54	1.13	1.19	6.27	4.06	3.16	
1.67	1.22	1.30	6.98	4.54	3.53	
1.79	1.30	1.40	7.64	4.98	3.87	
1.90	1.36	1.48	8.23	5.35	4.15	
2.00	1.42	1.56	8.75	5.66	4.39	
2.10	1.48	1.64	9.20	5.92	4.58	
2.18	1.54	1.70	9.59	6.12	4.73	
2.26	1.60	1.76	9.91	6.28	4.85	
2.33	1.66	1.82	10.18	6.40	4.95	
2.39	1.71	1.87	10.39	6.49	5.03	
2.45	1.76	1.90	10.55	6.54	5.09	
2.49	1.80	1.92	10.66	6.57	5.14	
2.52	1.84	1.93	10.72	6.56	5.17	
2.54	1.88	1.93	10.74	6.53	5.20	
2.56	1.91	1.92	10.72	6.48	5.21	
2.57	1.94	1.91	10.66	6.40	5.20	
2.57	1.96	1.89	10.58	6.31	5.18	
2.57	1.98	1.86	10.46	6.20	5.13	
2.55	1.99	1.83	10.33	6.07	5.07	
2.54	2.01	1.81	10.18	5.93	4.99	
2.52	2.03	1.78	10.03	5.79	4.92	
2.51	2.05	1.77	9.88	5.66	4.84	
2.50	2.08	1.77	9.75	5.55	4.79	
2.50	2.11	1.77	9.63	5.46	4.75	
2.51	2.15	1.78	9.54	5.40	4.74	
2.51	2.19	1.79	9.46	5.37	4.76	
2.52	2.22	1.80	9.40	5.36	4.81	
2.53	2.24	1.81	9.35	5.37	4.89	
2.54	2.27	1.83	9.32	5.40	4.98	
2.56	2.29	1.83	9.30	5.44	5.09	
2.57	2.30	1.84	9.27	5.48	5.18	
2.58	2.31	1.83	9.23	5.51	5.27	
2.59	2.30	1.82	9.18	5.53	5.33	
2.60	2.30	1.81	9.12	5.55	5.37	
2.61	2.29	1.80	9.06	5.55	5.40	
2.62	2.28	1.79	8.99	5.53	5.39	
2.63	2.27	1.77	8.93	5.51	5.37	
2.64	2.25	1.76	8.85	5.46	5.32	
2.63	2.23	1.74	8.77	5.39	5.26	
2.62	2.20	1.72	8.68	5.31	5.18	
2.60	2.16	1.71	8.58	5.21	5.09	
2.58	2.13	1.69	8.48	5.09	4.99	
2.55	2.10	1.67	8.36	4.96	4.89	
2.52	2.07	1.65	8.24	4.83	4.78	
2.48	2.03	1.64	8.12	4.70	4.67	
2.45	2.00	1.62	8.01	4.57	4.57	
2.42	1.98	1.61	7.89	4.43	4.46	
2.40	1.96	1.59	7.77	4.30	4.35	
2.39	1.94	1.58	7.66	4.17	4.25	
2.38	1.93	1.57	7.55	4.04	4.15	
2.38	1.93	1.56	7.45	3.92	4.06	
2.39	1.92	1.55	7.36	3.81	3.98	
2.39	1.91	1.54	7.28	3.71	3.91	
2.39	1.91	1.54	7.21	3.62	3.85	
2.40	1.91	1.54	7.16	3.55	3.80	
2.40	1.91	1.54	7.12	3.50	3.76	
2.42	1.93	1.56	7.11	3.47	3.75	
2.44	1.95	1.58	7.11	3.46	3.75	
2.47	1.98	1.63	7.12	3.47	3.77	
2.50	2.02	1.68	7.14	3.48	3.80	
2.55	2.06	1.74	7.16	3.51	3.84	
2.59	2.11	1.80	7.19	3.53	3.87	
2.63	2.15	1.86	7.21	3.54	3.90	
2.67	2.19	1.93	7.24	3.55	3.93	
2.70	2.23	1.99	7.26	3.55	3.95	
2.72	2.25	2.04	7.28	3.54	3.96	
2.72	2.26	2.09	7.31	3.54	3.98	
2.72	2.26	2.13	7.34	3.55	4.00	
2.69	2.26	2.16	7.38	3.56	4.03	
2.66	2.25	2.19	7.42	3.57	4.05	
2.62	2.23	2.21	7.46	3.60	4.07	
2.58	2.22	2.23	7.50	3.62	4.09	
2.54	2.20	2.25	7.54	3.65	4.10	
2.51	2.20	2.27	7.58	3.68	4.10	
2.48	2.20	2.28	7.62	3.73	4.10	
2.47	2.20	2.30	7.67	3.80	4.11	
2.47	2.21	2.32	7.74	3.90	4.12	
2.47	2.23	2.33	7.82	4.02	4.15	
2.49	2.26	2.35	7.92	4.16	4.18	
2.51	2.28	2.36	8.04	4.33	4.22	
2.53	2.31	2.37	8.15	4.50	4.25	
2.55	2.34	2.39	8.26	4.66	4.27	
2.58	2.37	2.40	8.36	4.81	4.29	
2.62	2.40	2.41	8.45	4.95	4.28	
2.65	2.44	2.41	8.52	5.07	4.27	
2.69	2.47	2.42	8.58	5.18	4.26	
2.73	2.50	2.43	8.62	5.27	4.23	
2.77	2.52	2.43	8.64	5.34	4.20	
2.81	2.53	2.43	8.65	5.40	4.17	
2.83	2.53	2.43	8.64	5.43	4.13	
2.85	2.52	2.42	8.63	5.46	4.09	
2.86	2.51	2.41	8.62	5.47	4.05	
2.87	2.49	2.41	8.60	5.48	4.01	
2.87	2.47	2.42	8.57	5.47	3.97	
2.88	2.46	2.44	8.54	5.45	3.93	
2.88	2.45	2.47	8.49	5.41	3.89	
2.89	2.44	2.51	8.43	5.36	3.84	
2.89	2.44	2.54	8.36	5.30	3.80	
2.88	2.43	2.58	8.27	5.23	3.75	
2.87	2.41	2.61	8.18	5.16	3.71	
2.85	2.40	2.64	8.07	5.08	3.67	
2.83	2.37	2.66	7.96	4.99	3.63	
2.79	2.35	2.67	7.83	4.89	3.59	
2.75	2.32	2.67	7.70	4.79	3.54	
2.70	2.29	2.67	7.57	4.68	3.49	
2.64	2.25	2.67	7.44	4.57	3.44	
2.58	2.21	2.66	7.30	4.46	3.39	
2.52	2.18	2.65	7.17	4.36	3.35	
2.46	2.15	2.65	7.05	4.27	3.32	
2.41	2.13	2.65	6.95	4.19	3.30	
2.36	2.12	2.65	6.85	4.12	3.29	
2.33	2.12	2.66	6.77	4.08	3.30	
2.30	2.12	2.68	6.72	4.06	3.33	
2.27	2.13	2.70	6.68	4.06	3.37	
2.25	2.14	2.71	6.67	4.07	3.43	
2.22	2.15	2.71	6.68	4.11	3.50	
2.18	2.15	2.71	6.69	4.14	3.56	
2.14	2.13	2.69	6.71	4.18	3.62	
2.09	2.11	2.65	6.72	4.21	3.68	
2.01	2.06	2.60	6.71	4.22	3.71	
1.92	2.00	2.54	6.69	4.21	3.74	
1.82	1.92	2.46	6.64	4.19	3.74	
1.69	1.82	2.38	6.57	4.14	3.72	
1.55	1.71	2.29	6.46	4.07	3.67	
1.41	1.59	2.20	6.33	3.97	3.60	
1.26	1.47	2.12	6.18	3.85	3.52	
1.10	1.34	2.05	6.02	3.71	3.42	
0.94	1.21	1.97	5.84	3.56	3.32	
0.78	1.07	1.90	5.67	3.41	3.22	
0.62	0.93	1.83	5.50	3.27	3.13	
0.46	0.79	1.76	5.34	3.13	3.05	
0.31	0.65	1.68	5.20	3.01	2.99	
0.17	0.52	1.60	5.07	2.89	2.94	
0.05	0.39	1.52	4.94	2.78	2.89	
-0.06	0.28	1.44	4.81	2.67	2.83	
-0.15	0.19	1.36	4.68	2.56	2.78	
-0.22	0.10	1.29	4.56	2.47	2.74	
-0.27	0.04	1.22	4.46	2.39	2.70	
-0.31	-0.02	1.17	4.36	2.32	2.66	
-0.33	-0.05	1.13	4.29	2.28	2.64	
-0.34	-0.06	1.10	4.24	2.25	2.62	
-0.34	-0.06	1.09	4.22	2.24	2.61	
-0.33	-0.05	1.09	4.22	2.24	2.61	
-0.31	-0.03	1.10	4.24	2.25	2.61	
-0.30	-0.01	1.11	4.27	2.26	2.62	
-0.29	0.02	1.13	4.30	2.27	2.61	
-0.28	0.04	1.14	4.33	2.27	2.60	
-0.27	0.06	1.15	4.36	2.26	2.58	
-0.27	0.09	1.16	4.38	2.25	2.55	
-0.28	0.11	1.16	4.40	2.22	2.51	
-0.27	0.13	1.17	4.42	2.20	2.46	
-0.27	0.16	1.17	4.44	2.17	2.39	
-0.25	0.20	1.17	4.47	2.14	2.32	
-0.22	0.25	1.18	4.52	2.12	2.25	
-0.17	0.31	1.18	4.58	2.10	2.17	
-0.11	0.38	1.17	4.65	2.09	2.09	
-0.05	0.45	1.16	4.73	2.08	2.02	
0.02	0.51	1.13	4.81	2.07	1.93	
0.10	0.58	1.10	4.89	2.06	1.85	
0.18	0.63	1.05	4.96	2.04	1.76	
0.25	0.68	0.98	5.02	2.03	1.66	
0.33	0.72	0.91	5.08	2.00	1.56	
0.41	0.75	0.82	5.12	1.95	1.45	
0.48	0.77	0.72	5.15	1.89	1.33	
0.56	0.78	0.63	5.16	1.81	1.19	
0.63	0.78	0.53	5.16	1.71	1.04	
0.71	0.78	0.44	5.14	1.58	0.88	
0.77	0.77	0.35	5.11	1.44	0.72	
0.82	0.75	0.26	5.07	1.29	0.56	
0.86	0.71	0.18	5.01	1.14	0.40	
0.87	0.65	0.08	4.94	0.97	0.24	
0.86	0.57	-0.02	4.85	0.80	0.08	
0.83	0.47	-0.13	4.74	0.62	-0.08	
0.76	0.35	-0.25	4.62	0.45	-0.24	
0.68	0.22	-0.37	4.49	0.28	-0.40	
0.58	0.08	-0.49	4.35	0.12	-0.56	
0.47	-0.06	-0.60	4.22	-0.02	-0.72	
0.35	-0.19	-0.70	4.08	-0.14	-0.88	
0.24	-0.31	-0.80	3.96	-0.25	-1.02	
0.13	-0.41	-0.88	3.85	-0.33	-1.16	
0.04	-0.49	-0.94	3.76	-0.38	-1.28	
-0.03	-0.55	-0.99	3.69	-0.39	-1.38	
-0.09	-0.58	-1.03	3.65	-0.37	-1.46	
-0.12	-0.58	-1.05	3.63	-0.31	-1.51	
-0.14	-0.56	-1.06	3.66	-0.20	-1.51	
-0.15	-0.52	-1.06	3.72	-0.04	-1.46	
-0.13	-0.47	-1.05	3.82	0.16	-1.37	
-0.09	-0.39	-1.03	3.95	0.40	-1.24	
-0.04	-0.30	-1.00	4.10	0.64	-1.09	
0.04	-0.18	-0.95	4.25	0.89	-0.93	
0.13	-0.05	-0.89	4.40	1.13	-0.76	
0.24	0.10	-0.82	4.55	1.36	-0.59	
0.34	0.25	-0.74	4.70	1.58	-0.42	
0.45	0.41	-0.66	4.86	1.81	-0.24	
0.56	0.56	-0.57	5.03	2.03	-0.06	
0.67	0.73	-0.47	5.21	2.28	0.13	
0.79	0.89	-0.37	5.41	2.53	0.35	
0.91	1.06	-0.27	5.62	2.80	0.57	
1.03	1.23	-0.16	5.85	3.08	0.81	
1.16	1.40	-0.04	6.07	3.37	1.04	
1.30	1.57	0.07	6.29	3.65	1.28	
1.43	1.73	0.19	6.50	3.94	1.51	
1.57	1.89	0.31	6.71	4.21	1.73	
1.70	2.05	0.44	6.91	4.48	1.96	
1.82	2.19	0.56	7.11	4.73	2.17	
1.93	2.31	0.67	7.29	4.96	2.37	
2.03	2.42	0.78	7.44	5.16	2.53	
2.12	2.51	0.89	7.58	5.33	2.67	
2.20	2.59	0.99	7.70	5.46	2.79	
2.27	2.66	1.09	7.80	5.58	2.89	
2.34	2.72	1.20	7.90	5.68	2.97	
2.42	2.78	1.31	7.99	5.76	3.05	
2.49	2.82	1.43	8.07	5.84	3.12	
2.57	2.87	1.55	8.14	5.90	3.18	
2.66	2.91	1.66	8.19	5.94	3.21	
2.74	2.96	1.78	8.22	5.96	3.23	
2.82	3.00	1.90	8.23	5.94	3.21	
2.90	3.04	2.02	8.20	5.89	3.16	
2.98	3.07	2.13	8.16	5.81	3.09	
3.06	3.10	2.24	8.09	5.72	3.00	
3.14	3.13	2.34	8.01	5.61	2.92	
3.20	3.15	2.44	7.91	5.50	2.84	
3.27	3.17	2.53	7.81	5.38	2.77	
3.32	3.18	2.61	7.69	5.25	2.70	
3.37	3.19	2.68	7.57	5.12	2.63	
3.40	3.19	2.73	7.43	4.97	2.56	
3.42	3.17	2.77	7.29	4.82	2.50	
3.43	3.14	2.79	7.13	4.64	2.43	
3.42	3.09	2.79	6.97	4.45	2.35	
3.39	3.03	2.77	6.79	4.24	2.25	
3.35	2.95	2.74	6.60	4.01	2.13	
3.29	2.85	2.70	6.39	3.75	1.99	
3.22	2.74	2.64	6.17	3.48	1.83	
3.13	2.61	2.57	5.93	3.18	1.65	
3.02	2.47	2.48	5.70	2.89	1.47	
2.90	2.31	2.39	5.46	2.60	1.29	
2.76	2.14	2.28	5.24	2.32	1.12	
2.61	1.95	2.16	5.02	2.05	0.95	
2.44	1.75	2.03	4.82	1.81	0.81	
2.26	1.54	1.90	4.62	1.57	0.67	
2.07	1.31	1.76	4.43	1.35	0.53	
1.87	1.08	1.61	4.23	1.13	0.40	
1.65	0.84	1.47	4.02	0.91	0.27	
1.43	0.60	1.32	3.80	0.69	0.13	
1.20	0.35	1.18	3.55	0.46	-0.02	
0.97	0.11	1.04	3.29	0.22	-0.17	
0.75	-0.13	0.91	3.02	-0.01	-0.33	
0.52	-0.36	0.79	2.74	-0.25	-0.49	
0.30	-0.59	0.67	2.47	-0.48	-0.64	
0.08	-0.80	0.57	2.20	-0.70	-0.80	
-0.13	-1.01	0.47	1.94	-0.92	-0.94	
-0.33	-1.21	0.37	1.68	-1.14	-1.09	
-0.52	-1.40	0.28	1.44	-1.34	-1.22	
-0.70	-1.58	0.20	1.23	-1.54	-1.35	
-0.87	-1.76	0.11	1.03	-1.71	-1.46	
-1.03	-1.93	0.02	0.87	-1.86	-1.55	
-1.18	-2.10	-0.08	0.73	-2.00	-1.64	
-1.32	-2.26	-0.18	0.61	-2.12	-1.71	
-1.46	-2.42	-0.29	0.51	-2.23	-1.78	
-1.58	-2.58	-0.41	0.42	-2.34	-1.85	
-1.70	-2.73	-0.53	0.34	-2.45	-1.91	
-1.79	-2.88	-0.65	0.26	-2.56	-1.98	
-1.87	-3.01	-0.78	0.19	-2.67	-2.04	
-1.93	-3.14	-0.91	0.11	-2.77	-2.10	
-1.98	-3.25	-1.04	0.03	-2.88	-2.15	
-2.02	-3.36	-1.18	-0.06	-3.00	-2.20	
-2.04	-3.46	-1.32	-0.16	-3.11	-2.25	
-2.05	-3.54	-1.45	-0.27	-3.24	-2.31	
-2.05	-3.61	-1.57	-0.40	-3.38	-2.38	
-2.03	-3.66	-1.68	-0.53	-3.51	-2.45	
-2.00	-3.69	-1.78	-0.67	-3.65	-2.52	
-1.94	-3.70	-1.86	-0.80	-3.77	-2.59	
-1.87	-3.70	-1.93	-0.92	-3.89	-2.66	
-1.79	-3.67	-1.98	-1.03	-4.00	-2.73	
-1.69	-3.63	-2.02	-1.12	-4.09	-2.79	
-1.58	-3.57	-2.06	-1.20	-4.16	-2.85	
-1.46	-3.49	-2.08	-1.26	-4.22	-2.89	
-1.33	-3.40	-2.08	-1.30	-4.26	-2.93	
-1.19	-3.29	-2.08	-1.34	-4.30	-2.98	
-1.03	-3.16	-2.06	-1.38	-4.33	-3.03	
-0.87	-3.02	-2.03	-1.40	-4.36	-3.09	
-0.71	-2.87	-1.99	-1.41	-4.39	-3.16	
-0.54	-2.71	-1.94	-1.41	-4.39	-3.22	
-0.37	-2.55	-1.89	-1.38	-4.38	-3.27	
-0.21	-2.39	-1.83	-1.33	-4.36	-3.32	
-0.04	-2.23	-1.78	-1.27	-4.32	-3.36	
0.12	-2.06	-1.72	-1.20	-4.28	-3.38	
0.29	-1.90	-1.65	-1.13	-4.22	-3.39	
0.45	-1.73	-1.58	-1.06	-4.16	-3.39	
0.62	-1.56	-1.51	-0.98	-4.10	-3.37	
0.78	-1.39	-1.43	-0.90	-4.02	-3.33	
0.95	-1.23	-1.34	-0.82	-3.94	-3.28	
1.11	-1.06	-1.24	-0.74	-3.86	-3.23	
1.26	-0.89	-1.14	-0.66	-3.78	-3.17	
1.42	-0.72	-1.03	-0.58	-3.69	-3.10	
1.56	-0.55	-0.92	-0.51	-3.62	-3.04	
1.70	-0.40	-0.81	-0.44	-3.55	-2.97	
1.81	-0.26	-0.70	-0.38	-3.49	-2.91	
1.91	-0.15	-0.60	-0.32	-3.44	-2.86	
1.99	-0.05	-0.51	-0.27	-3.41	-2.82	
2.05	0.02	-0.44	-0.22	-3.38	-2.78	
2.10	0.07	-0.37	-0.18	-3.36	-2.75	
2.12	0.11	-0.31	-0.14	-3.34	-2.71	
2.14	0.14	-0.25	-0.10	-3.31	-2.68	
2.16	0.17	-0.19	-0.06	-3.27	-2.65	
2.17	0.18	-0.15	-0.00	-3.21	-2.60	
2.18	0.19	-0.11	0.06	-3.14	-2.54	
2.19	0.19	-0.08	0.15	-3.04	-2.46	
2.19	0.19	-0.06	0.26	-2.91	-2.35	
2.18	0.17	-0.07	0.40	-2.75	-2.22	
2.17	0.15	-0.08	0.57	-2.57	-2.07	
2.15	0.13	-0.11	0.75	-2.37	-1.91	
2.14	0.10	-0.14	0.94	-2.17	-1.74	
2.12	0.09	-0.17	1.14	-1.96	-1.55	
2.12	0.09	-0.20	1.35	-1.75	-1.36	
2.12	0.10	-0.22	1.56	-1.54	-1.16	
2.14	0.13	-0.23	1.77	-1.34	-0.97	
2.16	0.17	-0.23	1.98	-1.15	-0.78	
2.20	0.23	-0.23	2.16	-0.98	-0.61	
2.24	0.29	-0.23	2.33	-0.82	-0.44	
2.29	0.36	-0.22	2.48	-0.68	-0.29	
2.35	0.44	-0.20	2.62	-0.55	-0.13	
2.41	0.54	-0.17	2.76	-0.42	0.03	
2.48	0.64	-0.13	2.90	-0.26	0.21	
2.56	0.74	-0.09	3.07	-0.08	0.41	
2.63	0.85	-0.05	3.26	0.13	0.62	
2.69	0.95	0.00	3.48	0.36	0.85	
2.75	1.05	0.06	3.72	0.63	1.09	
2.81	1.15	0.12	3.97	0.90	1.32	
2.85	1.24	0.18	4.23	1.18	1.54	
2.89	1.33	0.25	4.49	1.45	1.74	
2.92	1.41	0.32	4.75	1.71	1.91	
2.94	1.48	0.40	5.00	1.96	2.06	
2.95	1.55	0.48	5.26	2.20	2.20	
2.95	1.61	0.57	5.51	2.43	2.33	
2.96	1.66	0.65	5.78	2.66	2.45	
2.96	1.71	0.74	6.04	2.90	2.57	
2.95	1.75	0.83	6.30	3.13	2.69	
2.94	1.78	0.91	6.56	3.35	2.81	
2.92	1.79	1.00	6.80	3.57	2.93	
2.89	1.80	1.07	7.02	3.78	3.03	
2.85	1.80	1.15	7.22	3.97	3.12	
2.81	1.79	1.22	7.40	4.14	3.18	
2.75	1.76	1.29	7.55	4.29	3.23	
2.69	1.73	1.36	7.67	4.42	3.26	
2.62	1.69	1.41	7.78	4.51	3.26	
2.54	1.63	1.46	7.87	4.58	3.24	
2.45	1.57	1.49	7.93	4.63	3.20	
2.36	1.49	1.50	7.99	4.65	3.13	
2.25	1.40	1.51	8.02	4.66	3.04	
2.14	1.30	1.50	8.05	4.66	2.94	
2.04	1.20	1.48	8.06	4.64	2.82	
1.93	1.09	1.46	8.07	4.61	2.70	
1.83	0.98	1.43	8.07	4.58	2.56	
1.74	0.87	1.40	8.07	4.54	2.42	
1.66	0.77	1.37	8.07	4.50	2.27	
1.59	0.68	1.34	8.07	4.46	2.13	
1.52	0.59	1.31	8.09	4.42	1.99	
1.46	0.51	1.27	8.12	4.40	1.87	
1.40	0.43	1.23	8.17	4.39	1.77	
1.35	0.36	1.18	8.23	4.38	1.68	
1.30	0.29	1.13	8.29	4.38	1.61	
1.26	0.23	1.07	8.36	4.37	1.54	
1.22	0.17	1.01	8.42	4.36	1.48	
1.20	0.12	0.94	8.46	4.33	1.41	
1.18	0.06	0.86	8.49	4.27	1.33	
1.16	0.01	0.78	8.50	4.19	1.22	
1.14	-0.05	0.69	8.48	4.09	1.11	
1.11	-0.11	0.59	8.45	3.96	0.98	
1.08	-0.18	0.48	8.41	3.83	0.85	
1.06	-0.24	0.37	8.36	3.69	0.73	
1.02	-0.31	0.26	8.32	3.56	0.60	
0.99	-0.38	0.16	8.26	3.42	0.47	
0.95	-0.45	0.06	8.20	3.28	0.34	
0.91	-0.52	-0.04	8.12	3.13	0.21	
0.87	-0.59	-0.12	8.03	2.98	0.08	
0.82	-0.66	-0.20	7.92	2.83	-0.05	
0.75	-0.73	-0.27	7.81	2.67	-0.19	
0.68	-0.81	-0.34	7.70	2.51	-0.32	
0.59	-0.90	-0.41	7.56	2.35	-0.47	
0.49	-1.00	-0.48	7.42	2.16	-0.63	
0.39	-1.10	-0.54	7.25	1.96	-0.80	
0.29	-1.21	-0.60	7.07	1.74	-0.99	
0.19	-1.31	-0.65	6.87	1.49	-1.21	
0.09	-1.41	-0.70	6.65	1.24	-1.44	
0.01	-1.51	-0.75	6.42	0.97	-1.69	
-0.07	-1.60	-0.78	6.19	0.69	-1.94	
-0.14	-1.67	-0.80	5.96	0.41	-2.20	
-0.19	-1.73	-0.81	5.75	0.14	-2.44	
-0.24	-1.77	-0.81	5.54	-0.12	-2.67	
-0.27	-1.80	-0.79	5.35	-0.36	-2.88	
-0.29	-1.81	-0.77	5.16	-0.58	-3.08	
-0.29	-1.81	-0.74	4.99	-0.79	-3.26	
-0.29	-1.79	-0.70	4.82	-1.00	-3.44	
-0.28	-1.76	-0.67	4.67	-1.20	-3.61	
-0.26	-1.73	-0.63	4.52	-1.40	-3.77	
-0.23	-1.68	-0.59	4.39	-1.59	-3.94	
-0.20	-1.63	-0.56	4.26	-1.77	-4.10	
-0.17	-1.57	-0.53	4.15	-1.95	-4.26	
-0.14	-1.52	-0.51	4.03	-2.12	-4.41	
-0.11	-1.46	-0.49	3.92	-2.30	-4.58	
-0.09	-1.41	-0.50	3.81	-2.47	-4.75	
-0.07	-1.37	-0.51	3.69	-2.64	-4.94	
-0.06	-1.33	-0.53	3.57	-2.82	-5.15	
-0.04	-1.30	-0.55	3.45	-2.99	-5.36	
-0.02	-1.27	-0.59	3.34	-3.16	-5.58	
0.00	-1.24	-0.63	3.23	-3.32	-5.79	
0.03	-1.21	-0.67	3.12	-3.47	-5.99	
0.06	-1.19	-0.72	3.02	-3.62	-6.20	
0.09	-1.18	-0.76	2.92	-3.76	-6.39	
0.12	-1.16	-0.81	2.83	-3.89	-6.58	
0.15	-1.15	-0.86	2.75	-4.00	-6.75	
0.18	-1.14	-0.91	2.67	-4.10	-6.90	
0.19	-1.14	-0.97	2.61	-4.19	-7.03	
0.21	-1.15	-1.03	2.54	-4.27	-7.15	
0.21	-1.16	-1.08	2.47	-4.35	-7.26	
0.20	-1.17	-1.13	2.40	-4.42	-7.36	
0.19	-1.19	-1.18	2.31	-4.49	-7.46	
0.17	-1.21	-1.22	2.21	-4.57	-7.55	
0.14	-1.23	-1.25	2.10	-4.65	-7.64	
0.11	-1.25	-1.29	1.99	-4.72	-7.72	
0.09	-1.27	-1.32	1.88	-4.80	-7.81	
0.06	-1.29	-1.34	1.78	-4.86	-7.89	
0.03	-1.31	-1.37	1.69	-4.93	-7.96	
0.00	-1.33	-1.40	1.60	-4.98	-8.04	
-0.03	-1.35	-1.42	1.53	-5.04	-8.11	
-0.05	-1.37	-1.43	1.46	-5.09	-8.18	
-0.08	-1.38	-1.43	1.41	-5.15	-8.25	
-0.10	-1.39	-1.43	1.36	-5.20	-8.32	
-0.12	-1.39	-1.43	1.31	-5.26	-8.39	
-0.13	-1.39	-1.43	1.26	-5.33	-8.46	
-0.14	-1.39	-1.43	1.21	-5.41	-8.54	
-0.15	-1.39	-1.44	1.17	-5.50	-8.62	
-0.16	-1.39	-1.44	1.12	-5.59	-8.69	
-0.16	-1.38	-1.44	1.07	-5.68	-8.77	
-0.16	-1.36	-1.44	1.02	-5.77	-8.84	
-0.14	-1.34	-1.43	0.96	-5.86	-8.91	
-0.12	-1.30	-1.41	0.89	-5.95	-8.98	
-0.10	-1.25	-1.39	0.81	-6.04	-9.05	
-0.06	-1.19	-1.36	0.72	-6.14	-9.13	
-0.01	-1.11	-1.33	0.62	-6.24	-9.22	
0.04	-1.02	-1.29	0.51	-6.35	-9.30	
0.11	-0.91	-1.25	0.40	-6.45	-9.39	
0.19	-0.80	-1.20	0.29	-6.55	-9.46	
0.28	-0.67	-1.15	0.20	-6.63	-9.51	
0.39	-0.54	-1.09	0.13	-6.70	-9.55	
0.50	-0.39	-1.01	0.06	-6.75	-9.57	
0.62	-0.25	-0.94	-0.00	-6.80	-9.58	
0.74	-0.10	-0.86	-0.06	-6.84	-9.59	
0.86	0.05	-0.78	-0.12	-6.89	-9.59	
0.97	0.19	-0.71	-0.18	-6.93	-9.59	
1.07	0.32	-0.63	-0.24	-6.99	-9.60	
1.16	0.44	-0.55	-0.31	-7.04	-9.61	
1.25	0.56	-0.47	-0.38	-7.10	-9.62	
1.32	0.66	-0.40	-0.46	-7.15	-9.64	
1.38	0.75	-0.33	-0.55	-7.21	-9.65	
1.43	0.83	-0.27	-0.63	-7.27	-9.67	
1.47	0.89	-0.21	-0.73	-7.33	-9.68	
1.50	0.93	-0.16	-0.82	-7.39	-9.69	
1.53	0.95	-0.12	-0.93	-7.45	-9.71	
1.54	0.96	-0.09	-1.04	-7.52	-9.74	
1.54	0.96	-0.07	-1.16	-7.59	-9.78	
1.54	0.94	-0.04	-1.30	-7.68	-9.84	
1.52	0.92	-0.02	-1.45	-7.79	-9.92	
1.50	0.89	0.00	-1.61	-7.92	-10.02	
1.48	0.86	0.02	-1.80	-8.07	-10.15	
1.45	0.82	0.04	-1.99	-8.23	-10.29	
1.41	0.79	0.06	-2.20	-8.41	-10.45	
1.37	0.76	0.08	-2.43	-8.62	-10.62	
1.32	0.73	0.10	-2.67	-8.84	-10.80	
1.28	0.71	0.13	-2.92	-9.07	-10.98	
1.23	0.69	0.16	-3.17	-9.31	-11.16	
1.19	0.68	0.18	-3.42	-9.55	-11.34	
1.14	0.68	0.22	-3.65	-9.78	-11.49	
1.09	0.68	0.26	-3.87	-9.99	-11.62	
1.06	0.71	0.31	-4.07	-10.19	-11.73	
1.03	0.75	0.37	-4.25	-10.36	-11.81	
1.02	0.80	0.44	-4.42	-10.52	-11.88	
1.01	0.88	0.53	-4.59	-10.67	-11.94	
1.01	0.96	0.62	-4.76	-10.81	-12.02	
1.02	1.05	0.73	-4.93	-10.95	-12.09	
1.02	1.15	0.84	-5.11	-11.09	-12.17	
1.03	1.25	0.96	-5.27	-11.20	-12.25	
1.05	1.36	1.08	-5.43	-11.30	-12.32	
1.07	1.47	1.19	-5.58	-11.38	-12.38	
1.08	1.57	1.29	-5.71	-11.43	-12.44	
1.10	1.66	1.39	-5.83	-11.47	-12.49	
1.11	1.75	1.47	-5.93	-11.51	-12.52	
1.13	1.82	1.55	-6.04	-11.53	-12.56	
1.15	1.89	1.62	-6.14	-11.55	-12.59	
1.17	1.95	1.68	-6.24	-11.57	-12.63	
1.19	2.01	1.74	-6.35	-11.59	-12.67	
1.21	2.05	1.80	-6.47	-11.61	-12.71	
1.23	2.09	1.85	-6.58	-11.62	-12.75	
1.24	2.11	1.90	-6.68	-11.62	-12.78	
1.26	2.13	1.94	-6.77	-11.60	-12.80	
1.27	2.13	1.98	-6.84	-11.57	-12.81	
1.28	2.13	2.01	-6.90	-11.52	-12.81	
1.29	2.12	2.04	-6.94	-11.46	-12.79	
1.30	2.10	2.06	-6.96	-11.39	-12.76	
1.30	2.08	2.09	-6.96	-11.31	-12.72	
1.30	2.04	2.11	-6.94	-11.22	-12.67	
1.29	2.01	2.14	-6.91	-11.12	-12.62	
1.28	1.97	2.16	-6.88	-11.05	-12.57	
1.25	1.92	2.18	-6.86	-10.99	-12.53	
1.22	1.87	2.19	-6.86	-10.95	-12.49	
1.19	1.81	2.20	-6.87	-10.93	-12.46	
1.15	1.75	2.20	-6.89	-10.93	-12.45	
1.10	1.69	2.20	-6.92	-10.94	-12.45	
1.06	1.63	2.19	-6.95	-10.97	-12.47	
1.02	1.58	2.19	-6.98	-11.00	-12.49	
0.99	1.54	2.19	-7.00	-11.02	-12.50	
0.96	1.50	2.19	-7.00	-11.04	-12.50	
0.93	1.47	2.19	-6.98	-11.03	-12.50	
0.91	1.46	2.19	-6.93	-11.01	-12.49	
0.90	1.45	2.20	-6.88	-10.96	-12.47	
0.90	1.46	2.21	-6.81	-10.89	-12.44	
0.90	1.47	2.22	-6.72	-10.81	-12.40	
0.91	1.49	2.22	-6.62	-10.71	-12.36	
0.93	1.51	2.22	-6.52	-10.60	-12.30	
0.96	1.54	2.22	-6.40	-10.48	-12.25	
0.99	1.57	2.20	-6.29	-10.36	-12.20	
1.02	1.60	2.19	-6.18	-10.23	-12.14	
1.06	1.64	2.17	-6.07	-10.11	-12.06	
1.09	1.68	2.15	-5.97	-9.98	-11.98	
1.13	1.72	2.13	-5.87	-9.85	-11.88	
1.17	1.76	2.11	-5.79	-9.73	-11.79	
1.20	1.81	2.09	-5.73	-9.61	-11.68	
1.23	1.85	2.07	-5.68	-9.49	-11.57	
1.26	1.89	2.04	-5.63	-9.37	-11.45	
1.28	1.92	2.02	-5.59	-9.26	-11.31	
1.30	1.94	1.99	-5.56	-9.15	-11.17	
1.32	1.96	1.97	-5.53	-9.04	-11.02	
1.34	1.97	1.95	-5.52	-8.93	-10.87	
1.36	1.99	1.94	-5.51	-8.82	-10.72	
1.38	2.00	1.93	-5.50	-8.72	-10.55	
1.39	2.01	1.93	-5.49	-8.61	-10.37	
1.40	2.01	1.93	-5.47	-8.50	-10.19	
1.41	2.00	1.93	-5.45	-8.39	-10.02	
1.41	1.98	1.93	-5.42	-8.27	-9.84	
1.40	1.95	1.93	-5.40	-8.17	-9.67	
1.38	1.91	1.92	-5.39	-8.06	-9.51	
1.36	1.86	1.91	-5.37	-7.97	-9.35	
1.33	1.81	1.89	-5.36	-7.87	-9.21	
1.30	1.74	1.86	-5.34	-7.78	-9.07	
1.26	1.67	1.84	-5.32	-7.69	-8.95	
1.22	1.60	1.80	-5.30	-7.59	-8.82	
1.18	1.53	1.76	-5.26	-7.50	-8.70	
1.13	1.45	1.72	-5.22	-7.40	-8.58	
1.07	1.37	1.67	-5.19	-7.30	-8.47	
1.02	1.29	1.62	-5.15	-7.19	-8.37	
0.96	1.21	1.56	-5.12	-7.09	-8.27	
0.91	1.14	1.50	-5.09	-6.99	-8.18	
0.86	1.07	1.43	-5.06	-6.89	-8.09	
0.81	1.01	1.35	-5.02	-6.78	-8.00	
0.78	0.95	1.28	-4.97	-6.66	-7.89	
0.75	0.90	1.21	-4.92	-6.53	-7.78	
0.73	0.86	1.14	-4.87	-6.39	-7.67	
0.73	0.84	1.09	-4.81	-6.25	-7.54	
0.74	0.84	1.05	-4.76	-6.10	-7.41	
0.76	0.84	1.02	-4.69	-5.95	-7.26	
0.79	0.86	1.01	-4.62	-5.79	-7.09	
0.83	0.88	1.00	-4.54	-5.61	-6.90	
0.85	0.90	0.99	-4.45	-5.43	-6.69	
0.88	0.92	0.99	-4.35	-5.23	-6.47	
0.90	0.94	0.98	-4.23	-5.03	-6.22	
0.92	0.96	0.97	-4.11	-4.83	-5.96	
0.95	0.99	0.97	-3.99	-4.63	-5.70	
0.98	1.02	0.96	-3.86	-4.43	-5.43	
1.02	1.06	0.96	-3.73	-4.23	-5.16	
1.05	1.10	0.96	-3.60	-4.03	-4.90	
1.08	1.13	0.94	-3.48	-3.83	-4.63	
1.10	1.16	0.92	-3.35	-3.64	-4.38	
1.11	1.17	0.88	-3.23	-3.46	-4.13	
1.10	1.17	0.82	-3.11	-3.28	-3.89	
1.09	1.16	0.75	-2.99	-3.11	-3.67	
1.07	1.14	0.68	-2.88	-2.96	-3.47	
1.05	1.12	0.60	-2.78	-2.82	-3.28	
1.03	1.09	0.52	-2.68	-2.69	-3.10	
1.01	1.06	0.45	-2.57	-2.57	-2.93	
1.00	1.03	0.37	-2.47	-2.45	-2.77	
0.99	1.00	0.31	-2.36	-2.34	-2.61	
0.98	0.98	0.25	-2.26	-2.22	-2.47	
0.97	0.96	0.21	-2.15	-2.11	-2.33	
0.96	0.94	0.17	-2.05	-2.00	-2.19	
0.95	0.93	0.15	-1.95	-1.89	-2.06	
0.94	0.92	0.14	-1.85	-1.77	-1.93	
0.92	0.90	0.13	-1.75	-1.66	-1.80	
0.89	0.89	0.14	-1.66	-1.54	-1.69	
0.86	0.88	0.16	-1.55	-1.41	-1.57	
0.82	0.87	0.18	-1.43	-1.28	-1.46	
0.79	0.86	0.21	-1.29	-1.12	-1.34	
0.75	0.86	0.26	-1.13	-0.96	-1.22	
0.71	0.86	0.31	-0.96	-0.78	-1.10	
0.67	0.87	0.37	-0.79	-0.61	-0.98	
0.63	0.88	0.43	-0.62	-0.44	-0.87	
0.58	0.89	0.49	-0.47	-0.28	-0.77	
0.53	0.90	0.55	-0.34	-0.14	-0.68	
0.47	0.91	0.60	-0.22	-0.02	-0.59	
0.41	0.92	0.66	-0.11	0.09	-0.51	
0.34	0.93	0.70	-0.02	0.20	-0.44	
0.27	0.93	0.74	0.05	0.29	-0.35	
0.20	0.92	0.76	0.11	0.38	-0.27	
0.11	0.90	0.76	0.16	0.47	-0.17	
0.02	0.88	0.76	0.19	0.56	-0.05	
-0.07	0.85	0.75	0.22	0.65	0.06	
-0.16	0.82	0.74	0.24	0.74	0.18	
-0.26	0.79	0.72	0.25	0.81	0.28	
-0.35	0.75	0.70	0.25	0.87	0.37	
-0.45	0.71	0.67	0.24	0.91	0.43	
-0.55	0.66	0.65	0.24	0.93	0.48	
-0.65	0.60	0.62	0.23	0.94	0.51	
-0.76	0.53	0.58	0.23	0.93	0.52	
-0.87	0.45	0.54	0.24	0.92	0.52	
-0.99	0.36	0.49	0.26	0.91	0.52	
-1.10	0.27	0.44	0.27	0.89	0.51	
-1.21	0.17	0.39	0.30	0.87	0.50	
-1.32	0.07	0.34	0.34	0.87	0.50	
-1.41	-0.02	0.29	0.39	0.88	0.51	
-1.50	-0.11	0.25	0.45	0.92	0.54	
-1.59	-0.19	0.21	0.52	0.96	0.58	
-1.67	-0.27	0.16	0.60	1.02	0.63	
-1.76	-0.36	0.12	0.67	1.08	0.68	
-1.85	-0.45	0.07	0.74	1.14	0.74	
-1.95	-0.55	0.02	0.81	1.20	0.79	
-2.06	-0.65	-0.03	0.88	1.26	0.84	
-2.17	-0.75	-0.09	0.95	1.34	0.90	
-2.29	-0.86	-0.15	1.03	1.41	0.96	
-2.41	-0.96	-0.21	1.12	1.50	1.03	
-2.53	-1.06	-0.28	1.23	1.59	1.10	
-2.66	-1.17	-0.34	1.33	1.69	1.18	
-2.78	-1.27	-0.41	1.44	1.79	1.25	
-2.90	-1.37	-0.48	1.53	1.88	1.31	
-3.02	-1.47	-0.55	1.61	1.95	1.36	
-3.13	-1.58	-0.63	1.67	2.01	1.39	
-3.25	-1.68	-0.71	1.72	2.05	1.42	
-3.36	-1.79	-0.78	1.77	2.08	1.42	
-3.46	-1.88	-0.85	1.81	2.11	1.42	
-3.56	-1.98	-0.92	1.85	2.13	1.41	
-3.65	-2.06	-0.98	1.88	2.15	1.38	
-3.75	-2.13	-1.04	1.91	2.16	1.35	
-3.83	-2.20	-1.09	1.93	2.16	1.31	
-3.91	-2.26	-1.14	1.94	2.16	1.27	
-3.99	-2.31	-1.18	1.97	2.17	1.24	
-4.05	-2.35	-1.21	2.00	2.18	1.21	
-4.12	-2.40	-1.25	2.04	2.21	1.20	
-4.19	-2.45	-1.30	2.10	2.26	1.21	
-4.26	-2.51	-1.35	2.16	2.31	1.23	
-4.35	-2.58	-1.41	2.23	2.38	1.26	
-4.43	-2.65	-1.48	2.30	2.46	1.30	
-4.52	-2.74	-1.56	2.37	2.54	1.34	
-4.61	-2.82	-1.64	2.44	2.63	1.39	
-4.70	-2.91	-1.72	2.52	2.73	1.45	
-4.78	-3.00	-1.79	2.60	2.83	1.52	
-4.86	-3.09	-1.87	2.69	2.93	1.59	
-4.94	-3.17	-1.94	2.77	3.03	1.66	
-5.02	-3.25	-2.02	2.84	3.12	1.72	
-5.09	-3.33	-2.09	2.91	3.21	1.78	
-5.15	-3.41	-2.16	2.97	3.30	1.84	
-5.21	-3.47	-2.22	3.02	3.37	1.90	
-5.26	-3.54	-2.27	3.07	3.45	1.95	
-5.31	-3.59	-2.32	3.12	3.52	2.01	
-5.36	-3.64	-2.36	3.15	3.58	2.05	
-5.41	-3.69	-2.41	3.17	3.62	2.09	
-5.46	-3.74	-2.46	3.19	3.65	2.12	
-5.52	-3.79	-2.52	3.19	3.66	2.14	
-5.57	-3.84	-2.58	3.19	3.66	2.15	
-5.63	-3.90	-2.65	3.19	3.64	2.15	
-5.70	-3.96	-2.73	3.18	3.61	2.14	
-5.76	-4.01	-2.82	3.18	3.57	2.13	
-5.83	-4.07	-2.91	3.19	3.55	2.12	
-5.91	-4.13	-3.00	3.22	3.53	2.13	
-5.99	-4.19	-3.09	3.27	3.53	2.17	
-6.06	-4.24	-3.18	3.33	3.56	2.22	
-6.14	-4.29	-3.26	3.40	3.59	2.30	
-6.21	-4.33	-3.34	3.48	3.64	2.40	
-6.26	-4.36	-3.40	3.56	3.70	2.52	
-6.31	-4.38	-3.46	3.65	3.76	2.65	
-6.34	-4.38	-3.50	3.73	3.82	2.80	
-6.37	-4.38	-3.54	3.81	3.88	2.93	
-6.40	-4.38	-3.58	3.89	3.93	3.06	
-6.42	-4.37	-3.61	3.95	3.97	3.17	
-6.43	-4.37	-3.63	4.00	4.00	3.27	
-6.44	-4.36	-3.65	4.04	4.02	3.35	
-6.45	-4.34	-3.65	4.07	4.02	3.41	
-6.46	-4.33	-3.64	4.08	4.01	3.46	
-6.47	-4.32	-3.63	4.07	3.99	3.49	
-6.48	-4.30	-3.61	4.06	3.96	3.51	
-6.49	-4.29	-3.58	4.03	3.92	3.53	
-6.50	-4.28	-3.54	3.98	3.87	3.55	
-6.52	-4.27	-3.50	3.92	3.81	3.56	
-6.53	-4.26	-3.46	3.84	3.75	3.56	
-6.55	-4.26	-3.41	3.73	3.68	3.54	
-6.57	-4.26	-3.36	3.61	3.60	3.52	
-6.60	-4.26	-3.32	3.45	3.50	3.47	
-6.63	-4.27	-3.28	3.27	3.38	3.40	
-6.67	-4.29	-3.24	3.08	3.25	3.32	
-6.71	-4.32	-3.22	2.88	3.12	3.23	
-6.76	-4.36	-3.20	2.70	3.00	3.13	
-6.82	-4.41	-3.20	2.53	2.90	3.05	
-6.89	-4.47	-3.21	2.37	2.82	2.97	
-6.96	-4.54	-3.24	2.22	2.73	2.89	
-7.03	-4.62	-3.28	2.08	2.66	2.81	
-7.10	-4.71	-3.34	1.96	2.59	2.72	
-7.17	-4.80	-3.39	1.83	2.51	2.62	
-7.23	-4.89	-3.45	1.72	2.44	2.51	
-7.28	-4.97	-3.51	1.61	2.36	2.39	
-7.32	-5.05	-3.56	1.51	2.28	2.28	
-7.35	-5.11	-3.60	1.42	2.20	2.16	
-7.37	-5.16	-3.63	1.32	2.11	2.03	
-7.38	-5.21	-3.66	1.23	2.01	1.89	
-7.38	-5.23	-3.67	1.13	1.90	1.75	
-7.37	-5.24	-3.67	1.03	1.78	1.59	
-7.35	-5.23	-3.66	0.93	1.65	1.45	
-7.32	-5.21	-3.64	0.85	1.53	1.32	
-7.28	-5.17	-3.61	0.79	1.43	1.20	
-7.23	-5.11	-3.57	0.74	1.33	1.10	
-7.18	-5.04	-3.53	0.71	1.26	1.03	
-7.12	-4.95	-3.47	0.70	1.20	0.98	
-7.06	-4.86	-3.42	0.70	1.16	0.96	
-7.00	-4.76	-3.36	0.71	1.13	0.96	
-6.95	-4.66	-3.31	0.72	1.09	0.96	
-6.90	-4.56	-3.25	0.72	1.06	0.97	
-6.85	-4.45	-3.21	0.71	1.02	0.97	
-6.80	-4.35	-3.16	0.69	0.98	0.99	
-6.75	-4.24	-3.12	0.68	0.94	1.01	
-6.69	-4.13	-3.08	0.67	0.92	1.04	
-6.62	-4.02	-3.04	0.66	0.90	1.09	
-6.54	-3.91	-3.00	0.66	0.90	1.14	
-6.45	-3.79	-2.95	0.67	0.91	1.21	
-6.36	-3.66	-2.89	0.69	0.94	1.30	
-6.25	-3.53	-2.82	0.72	0.98	1.39	
-6.14	-3.40	-2.75	0.76	1.04	1.50	
-6.02	-3.28	-2.68	0.82	1.12	1.62	
-5.91	-3.17	-2.61	0.90	1.22	1.75	
-5.81	-3.07	-2.54	0.99	1.34	1.88	
-5.73	-2.99	-2.49	1.09	1.48	2.02	
-5.65	-2.94	-2.45	1.21	1.63	2.16	
-5.60	-2.91	-2.44	1.34	1.80	2.29	
-5.56	-2.90	-2.43	1.47	1.97	2.41	
-5.54	-2.92	-2.44	1.62	2.15	2.51	
-5.53	-2.95	-2.46	1.76	2.32	2.60	
-5.52	-2.99	-2.48	1.91	2.49	2.67	
-5.52	-3.03	-2.51	2.05	2.65	2.73	
-5.51	-3.08	-2.53	2.19	2.79	2.76	
-5.50	-3.14	-2.56	2.34	2.93	2.77	
-5.50	-3.19	-2.59	2.50	3.07	2.77	
-5.49	-3.25	-2.61	2.67	3.21	2.77	
-5.48	-3.31	-2.63	2.85	3.35	2.77	
-5.47	-3.37	-2.65	3.03	3.48	2.78	
-5.47	-3.42	-2.67	3.21	3.62	2.78	
-5.46	-3.48	-2.67	3.38	3.74	2.79	
-5.46	-3.53	-2.68	3.55	3.87	2.81	
-5.46	-3.57	-2.67	3.71	3.99	2.82	
-5.45	-3.62	-2.66	3.86	4.10	2.85	
-5.45	-3.66	-2.64	4.01	4.21	2.89	
-5.44	-3.70	-2.62	4.14	4.32	2.93	
-5.43	-3.74	-2.60	4.27	4.42	3.00	
-5.42	-3.78	-2.59	4.40	4.53	3.07	
-5.42	-3.81	-2.57	4.52	4.63	3.15	
-5.41	-3.84	-2.56	4.64	4.73	3.25	
-5.39	-3.87	-2.56	4.75	4.82	3.36	
-5.38	-3.90	-2.56	4.86	4.90	3.47	
-5.36	-3.92	-2.55	4.96	4.98	3.59	
-5.34	-3.93	-2.55	5.05	5.05	3.72	
-5.31	-3.93	-2.54	5.14	5.11	3.86	
-5.29	-3.92	-2.52	5.22	5.17	4.01	
-5.26	-3.90	-2.49	5.29	5.22	4.17	
-5.23	-3.87	-2.46	5.35	5.28	4.35	
-5.19	-3.82	-2.42	5.41	5.34	4.54	
-5.15	-3.77	-2.37	5.46	5.40	4.73	
-5.11	-3.69	-2.31	5.50	5.47	4.92	
-5.05	-3.61	-2.25	5.54	5.54	5.11	
-4.99	-3.52	-2.18	5.58	5.61	5.29	
-4.92	-3.42	-2.12	5.62	5.67	5.46	
-4.85	-3.31	-2.05	5.66	5.73	5.62	
-4.76	-3.19	-1.98	5.70	5.79	5.75	
-4.67	-3.06	-1.91	5.73	5.84	5.86	
-4.57	-2.93	-1.84	5.76	5.89	5.96	
-4.46	-2.80	-1.76	5.79	5.93	6.04	
-4.34	-2.66	-1.68	5.81	5.97	6.10	
-4.22	-2.52	-1.61	5.84	6.01	6.15	
-4.09	-2.39	-1.53	5.87	6.05	6.18	
-3.97	-2.26	-1.47	5.88	6.08	6.20	
-3.84	-2.15	-1.41	5.89	6.10	6.21	
-3.73	-2.06	-1.37	5.88	6.10	6.19	
-3.62	-1.98	-1.35	5.85	6.08	6.15	
-3.51	-1.92	-1.34	5.81	6.04	6.07	
-3.42	-1.87	-1.34	5.75	5.98	5.97	
-3.32	-1.84	-1.34	5.68	5.90	5.84	
-3.22	-1.81	-1.35	5.59	5.79	5.69	
-3.12	-1.79	-1.35	5.49	5.67	5.52	
-3.01	-1.76	-1.34	5.39	5.55	5.34	
-2.89	-1.72	-1.31	5.29	5.43	5.17	
-2.76	-1.68	-1.27	5.19	5.31	5.00	
-2.64	-1.64	-1.22	5.09	5.19	4.84	
-2.51	-1.60	-1.16	5.00	5.08	4.68	
-2.38	-1.55	-1.10	4.90	4.96	4.54	
-2.26	-1.50	-1.02	4.80	4.84	4.41	
-2.13	-1.45	-0.94	4.70	4.71	4.28	
-2.00	-1.40	-0.86	4.61	4.58	4.16	
-1.88	-1.34	-0.78	4.53	4.46	4.04	
-1.76	-1.29	-0.71	4.46	4.34	3.95	
-1.65	-1.24	-0.64	4.40	4.24	3.88	
-1.54	-1.19	-0.58	4.36	4.15	3.84	
-1.44	-1.14	-0.53	4.34	4.09	3.83	
-1.35	-1.10	-0.48	4.32	4.05	3.84	
-1.26	-1.05	-0.44	4.30	4.02	3.87	
-1.18	-1.00	-0.40	4.27	4.00	3.91	
-1.09	-0.94	-0.37	4.25	3.98	3.95	
-1.01	-0.89	-0.33	4.21	3.96	4.00	
-0.93	-0.82	-0.29	4.16	3.94	4.04	
-0.84	-0.76	-0.26	4.11	3.92	4.09	
-0.76	-0.69	-0.22	4.05	3.91	4.14	
-0.68	-0.62	-0.19	3.99	3.90	4.20	
-0.59	-0.54	-0.15	3.93	3.91	4.26	
-0.51	-0.47	-0.12	3.87	3.92	4.32	
-0.44	-0.39	-0.09	3.81	3.95	4.38	
-0.37	-0.32	-0.06	3.76	3.98	4.43	
-0.31	-0.26	-0.05	3.70	4.02	4.48	
-0.25	-0.20	-0.04	3.65	4.06	4.51	
-0.20	-0.14	-0.04	3.60	4.10	4.53	
-0.15	-0.08	-0.05	3.57	4.16	4.55	
-0.10	-0.02	-0.06	3.55	4.23	4.56	
-0.05	0.03	-0.07	3.57	4.31	4.58	
0.01	0.09	-0.07	3.60	4.42	4.60	
0.06	0.15	-0.08	3.66	4.54	4.62	
0.12	0.20	-0.08	3.75	4.69	4.65	
0.18	0.26	-0.08	3.86	4.85	4.70	
0.23	0.31	-0.09	3.99	5.02	4.75	
0.28	0.36	-0.10	4.11	5.19	4.80	
0.32	0.40	-0.10	4.22	5.35	4.85	
0.37	0.45	-0.10	4.32	5.48	4.88	
0.42	0.49	-0.10	4.41	5.61	4.91	
0.47	0.55	-0.10	4.49	5.72	4.93	
0.53	0.60	-0.09	4.57	5.82	4.95	
0.59	0.65	-0.07	4.66	5.92	4.97	
0.65	0.71	-0.06	4.75	6.01	4.99	
0.71	0.75	-0.05	4.84	6.11	5.03	
0.77	0.80	-0.05	4.91	6.19	5.06	
0.83	0.83	-0.04	4.98	6.27	5.10	
0.89	0.87	-0.04	5.03	6.33	5.15	
0.94	0.89	-0.04	5.06	6.38	5.19	
0.98	0.91	-0.03	5.09	6.42	5.23	
1.02	0.92	-0.04	5.09	6.44	5.27	
1.05	0.92	-0.05	5.08	6.45	5.31	
1.07	0.91	-0.06	5.05	6.44	5.34	
1.09	0.90	-0.08	5.00	6.41	5.36	
1.11	0.89	-0.10	4.93	6.37	5.37	
1.14	0.87	-0.13	4.84	6.31	5.37	
1.17	0.85	-0.16	4.73	6.24	5.35	
1.20	0.83	-0.19	4.59	6.13	5.32	
1.24	0.81	-0.22	4.42	6.01	5.26	
1.29	0.79	-0.25	4.23	5.87	5.19	
1.34	0.78	-0.27	4.03	5.71	5.12	
1.39	0.76	-0.29	3.83	5.57	5.04	
1.44	0.76	-0.30	3.65	5.45	4.98	
1.50	0.76	-0.31	3.49	5.35	4.95	
1.55	0.77	-0.32	3.35	5.29	4.94	
1.62	0.78	-0.31	3.22	5.25	4.95	
1.68	0.81	-0.29	3.11	5.22	4.98	
1.75	0.85	-0.26	3.00	5.20	5.02	
1.82	0.91	-0.22	2.89	5.19	5.05	
1.89	0.97	-0.17	2.78	5.16	5.08	
1.98	1.05	-0.12	2.66	5.12	5.10	
2.07	1.13	-0.05	2.53	5.07	5.12	
2.17	1.22	0.02	2.40	5.00	5.13	
2.27	1.31	0.09	2.27	4.93	5.14	
2.36	1.39	0.16	2.12	4.85	5.15	
2.45	1.47	0.22	1.97	4.77	5.14	
2.54	1.54	0.27	1.80	4.67	5.11	
2.61	1.60	0.32	1.62	4.55	5.08	
2.68	1.66	0.37	1.43	4.43	5.03	
2.74	1.72	0.43	1.22	4.29	4.96	
2.79	1.78	0.49	1.01	4.14	4.86	
2.84	1.82	0.54	0.80	3.99	4.76	
2.87	1.87	0.60	0.58	3.84	4.64	
2.90	1.90	0.65	0.36	3.69	4.53	
2.91	1.93	0.69	0.14	3.53	4.42	
2.91	1.95	0.74	-0.08	3.38	4.30	
2.89	1.96	0.77	-0.31	3.23	4.20	
2.87	1.96	0.80	-0.55	3.08	4.10	
2.83	1.97	0.83	-0.79	2.95	4.02	
2.79	1.97	0.86	-1.03	2.83	3.97	
2.75	1.97	0.89	-1.26	2.73	3.94	
2.71	1.98	0.93	-1.48	2.66	3.94	
2.66	1.99	0.97	-1.70	2.61	3.95	
2.61	2.00	1.01	-1.93	2.57	3.96	
2.56	2.01	1.05	-2.18	2.53	3.98	
2.50	2.01	1.08	-2.45	2.48	3.99	
2.44	2.00	1.11	-2.74	2.43	3.99	
2.38	2.00	1.13	-3.05	2.37	3.98	
2.33	1.99	1.16	-3.36	2.30	3.96	
2.29	1.99	1.18	-3.68	2.24	3.92	
2.26	1.99	1.20	-4.01	2.16	3.88	
2.24	1.99	1.21	-4.34	2.07	3.82	
2.21	1.99	1.22	-4.68	1.97	3.74	
2.19	1.98	1.22	-5.03	1.85	3.66	
2.15	1.95	1.21	-5.38	1.73	3.56	
2.11	1.91	1.18	-5.73	1.59	3.46	
2.05	1.86	1.14	-6.09	1.45	3.35	
1.99	1.80	1.09	-6.45	1.29	3.24	
1.94	1.74	1.05	-6.81	1.12	3.12	
1.89	1.69	1.02	-7.17	0.94	3.01	
1.85	1.64	0.99	-7.54	0.76	2.89	
1.82	1.60	0.97	-7.90	0.57	2.78	
1.80	1.56	0.95	-8.28	0.37	2.66	
1.78	1.53	0.94	-8.66	0.16	2.54	
1.77	1.50	0.93	-9.05	-0.08	2.41	
1.76	1.46	0.91	-9.42	-0.32	2.27	
1.74	1.42	0.90	-9.79	-0.56	2.14	
1.72	1.38	0.89	-10.15	-0.81	2.00	
1.68	1.34	0.87	-10.49	-1.05	1.87	
1.64	1.30	0.85	-10.83	-1.30	1.74	
1.59	1.25	0.84	-11.15	-1.54	1.62	
1.53	1.21	0.82	-11.45	-1.78	1.51	
1.47	1.16	0.80	-11.74	-2.01	1.40	
1.40	1.11	0.77	-12.02	-2.23	1.31	
1.33	1.06	0.73	-12.29	-2.43	1.24	
1.25	1.01	0.68	-12.54	-2.63	1.18	
1.17	0.96	0.64	-12.80	-2.81	1.13	
1.09	0.91	0.59	-13.05	-2.98	1.11	
1.02	0.88	0.55	-13.31	-3.13	1.08	
0.96	0.85	0.52	-13.56	-3.28	1.06	
0.92	0.85	0.50	-13.82	-3.42	1.04	
0.88	0.86	0.49	-14.09	-3.56	1.01	
0.86	0.88	0.50	-14.35	-3.69	0.97	
0.85	0.92	0.52	-14.60	-3.82	0.93	
0.84	0.97	0.55	-14.84	-3.93	0.89	
0.84	1.02	0.58	-15.06	-4.02	0.84	
0.83	1.08	0.61	-15.26	-4.10	0.81	
0.82	1.12	0.63	-15.44	-4.16	0.79	
0.81	1.16	0.65	-15.60	-4.19	0.79	
0.79	1.18	0.66	-15.72	-4.20	0.80	
0.78	1.19	0.66	-15.83	-4.19	0.83	
0.76	1.20	0.65	-15.91	-4.17	0.86	
0.75	1.19	0.64	-15.99	-4.15	0.89	
0.73	1.18	0.62	-16.08	-4.14	0.90	
0.72	1.16	0.59	-16.17	-4.14	0.89	
0.70	1.12	0.57	-16.28	-4.17	0.86	
0.68	1.07	0.53	-16.40	-4.22	0.79	
0.65	1.01	0.48	-16.53	-4.30	0.69	
0.62	0.95	0.44	-16.66	-4.40	0.57	
0.59	0.88	0.38	-16.80	-4.51	0.43	
0.56	0.81	0.33	-16.93	-4.63	0.28	
0.53	0.74	0.28	-17.05	-4.75	0.13	
0.51	0.67	0.23	-17.14	-4.86	-0.01	
0.48	0.60	0.18	-17.21	-4.95	-0.13	
0.46	0.53	0.13	-17.25	-5.03	-0.23	
0.45	0.47	0.09	-17.26	-5.09	-0.32	
0.43	0.42	0.05	-17.27	-5.15	-0.40	
0.42	0.38	0.02	-17.27	-5.21	-0.47	
0.42	0.34	0.01	-17.27	-5.28	-0.54	
0.42	0.32	-0.00	-17.27	-5.35	-0.60	
0.42	0.30	-0.00	-17.27	-5.42	-0.66	
0.41	0.29	0.00	-17.26	-5.49	-0.71	
0.41	0.28	0.01	-17.24	-5.55	-0.74	
0.39	0.27	0.02	-17.19	-5.59	-0.75	
0.38	0.27	0.04	-17.12	-5.62	-0.74	
0.38	0.28	0.06	-17.04	-5.63	-0.73	
0.38	0.29	0.09	-16.95	-5.64	-0.71	
0.38	0.30	0.11	-16.87	-5.66	-0.69	
0.39	0.31	0.13	-16.79	-5.68	-0.69	
0.39	0.32	0.14	-16.72	-5.72	-0.70	
0.40	0.32	0.15	-16.67	-5.77	-0.73	
0.40	0.32	0.15	-16.61	-5.81	-0.78	
0.41	0.33	0.15	-16.55	-5.86	-0.83	
0.42	0.33	0.16	-16.49	-5.89	-0.89	
0.44	0.34	0.16	-16.40	-5.92	-0.95	
0.46	0.36	0.18	-16.29	-5.93	-1.01	
0.49	0.39	0.19	-16.16	-5.91	-1.06	
0.52	0.42	0.21	-16.00	-5.87	-1.09	
0.56	0.46	0.23	-15.82	-5.80	-1.11	
0.60	0.51	0.25	-15.62	-5.70	-1.09	
0.65	0.56	0.28	-15.39	-5.56	-1.05	
0.71	0.63	0.31	-15.14	-5.39	-0.98	
0.77	0.71	0.35	-14.87	-5.18	-0.88	
0.85	0.80	0.40	-14.60	-4.95	-0.75	
0.93	0.90	0.45	-14.34	-4.71	-0.61	
1.03	1.02	0.50	-14.08	-4.47	-0.46	
1.14	1.14	0.56	-13.85	-4.24	-0.31	
1.25	1.26	0.61	-13.64	-4.04	-0.17	
1.37	1.36	0.66	-13.44	-3.85	-0.05	
1.48	1.46	0.69	-13.25	-3.67	0.06	
1.59	1.55	0.72	-13.06	-3.50	0.17	
1.69	1.62	0.73	-12.86	-3.34	0.27	
1.78	1.67	0.74	-12.67	-3.19	0.37	
1.86	1.71	0.74	-12.48	-3.05	0.46	
1.92	1.73	0.73	-12.31	-2.93	0.54	
1.98	1.74	0.72	-12.15	-2.83	0.61	
2.03	1.75	0.70	-12.01	-2.75	0.66	
2.07	1.75	0.69	-11.89	-2.68	0.70	
2.12	1.76	0.69	-11.78	-2.63	0.74	
2.16	1.77	0.70	-11.68	-2.59	0.78	
2.20	1.78	0.71	-11.57	-2.54	0.81	
2.24	1.79	0.73	-11.46	-2.50	0.85	
2.28	1.80	0.75	-11.35	-2.46	0.89	
2.30	1.80	0.77	-11.25	-2.43	0.92	
2.31	1.80	0.79	-11.15	-2.41	0.94	
2.31	1.80	0.82	-11.06	-2.40	0.95	
2.30	1.80	0.84	-10.98	-2.39	0.95	
2.28	1.80	0.86	-10.90	-2.40	0.94	
2.26	1.79	0.89	-10.82	-2.41	0.93	
2.23	1.78	0.91	-10.74	-2.42	0.92	
2.20	1.77	0.92	-10.65	-2.43	0.90	
2.16	1.76	0.93	-10.54	-2.44	0.87	
2.11	1.74	0.94	-10.43	-2.44	0.85	
2.06	1.71	0.93	-10.30	-2.45	0.82	
2.01	1.68	0.91	-10.18	-2.45	0.78	
1.95	1.64	0.89	-10.05	-2.46	0.73	
1.89	1.60	0.85	-9.92	-2.46	0.69	
1.83	1.56	0.81	-9.81	-2.45	0.65	
1.79	1.53	0.78	-9.71	-2.44	0.62	
1.76	1.51	0.76	-9.66	-2.44	0.60	
						
						
						
						
						
						
						
						
						
						
						
						
						
						
						
						
						
						
						
						
						
						
						
						
						
						
						
						
						
						
						
						
						
						
						
						
						
						
						
						
						
						
						
						
						
						
						
						
						
						
						
						
						
						
						
						
						
						
						
						
						
						
						
						
						
						
						
						
						
						
						
						
						
						
						
						
						
						
						
						
						
						
						
						
						
						
						
						
						
						
						
						
						
						
						
						
						
						
						
						
						
						
						
						
						
						
						
						
						
						
						
						
						
						
						
						
						
						
						
						
						
						
						
						
						
						
						
						
						
						
						
						
						
						
						
						
						
						
						
						
						
						
						
						
						
						
						
						
						
						
						
						
						
						
						
						
						
						
						
						
						
						
						
						
						
						
						
						
						
						
						
						
						
						
						
						
						
						
						
						
						
						
						
						
						
						
						
						
						
						
						
						
						
						
						
						
						
						
						
						
						
						
						
						
						
						
						
						
						
						
						
						
						
						
						
						
						
						
						
						
						
						
						
						
						
						
						
						
						
						
						
						
						
						
						
						
						
						
						
						
						
						
						
						
						
						
						
						
						
						
						
						
						
						
						
						
						
						
						
						
						
						
						
						
						
						
						
						
						
						
						
						
						
						
						
						
						
						
						
						
						
						
						
						
						
						
						
						
						
						
						
						
						
						
						
						
						
						
						
						
						
						
						
						
						
						
						
						
						
						
						
						
						
						
						
						
						
						
						
						
						
						
						
						
						
						
						
						
						
						
						
						
						
						
						
						
						
						
						
						
						
						
						
						
						
						
						
						
						
						
						
						
						
						
						
						
						
						
						
						
						
						
						
						
						
						
						
						
						
						
						
						
						
						
						
						
						
						
						
						
						
						
						
						
						
						
						
						
						
						
						
						
						
						
						
						
						
						
						
						
						
						
						
						
						
						
						
						
						
						
						
						
						
						
						
						
						
						
						
						
						
						
						
						
						
						
						
						
						
						
						
						
						
						
						
						
						
						
						
						
						
						
						
						
						
						
						
						
						
						
						
						
						
						
						
						
						
						
						
						
						
						
						
						
						
						
						
						
						
						
						
						
						
						
						
						
						
						
						
						
						
						
						
						
						
						
						
						
						
						
						
						
						
						
						
						
						
						
						
						
						
						
						
						
						
						
						
						
						
						
						
						
						
						
						
						
						
						
						
						
						
						
						
						
						
						
						
						
						
						
						
						
						
						
						
						
						
						
						
						
						
						
						
						
						
						
						
						
						
						
						
						
						
						
						
						
						
						
						
						
						
						
						
						
						
						
						
						
						
						
						
						
						
						
						
						
						
						
						
						
						
						
						
						
						
						
						
						
						
						
						
						
						
						
						
						
						
						
						
						
						
						
						
						
						
						
						
						
						
						
						
						
						
						
						
						
						
						
						
						
						
						
						
						
						
						
						
						
						
						
						
						
						
						
						
						
						
						
						
						
						
						
						
						
						
						
						
						
						
						
						
						
						
						
						
						
						
						
						
						
						
						
						
						
						
						
						
						
						
						
						
						
						
						
						
						
						
						
						
						
						
						
						
						
						
						
						
						
						
						
						
						
						
						
						
						
						
						
						
						
						
						
						
						
						
						
						
						
						
						
						
						
						
						
						
						
						
						
						
						
						
						
						
						
						
						
						
						
						
						
						
						
						
						
						
						
						
						
						
						
						
						
						
						
						
						
						
						
						
						
						
						
						
						
						
						
						
						
						
						
						
						
						
						
						
						
						
						
						
						
						
						
						
						
						
						
						
						
						
						
						
						
						
						
						
						
						
						
						
						
						
						
						
						
						
						
						
						
						
						
						
						
						
						
						
						
						
						
						
						
						
						
						
						
						
						
						
						
						
						
						
						
						
						
						
						
						
						
						
						
						
						
						
						
						
						
						
						
						
						
						
						
						
						
						
						
						
						
						
						
						
						
						
						
						
						
						
						
						
						
						
						
						
						
						
						
						
						
						
						
						
						
						
						
						
						
						
						
						
						
						
						
						
						
						
						
						
						
						
						
						
						
						
						
						
						
						
						
						
						
						
						
						
						
						
						
						
						
						
						
						
						
						
						
						
						
						
						
						
						
						
						
						
						
						
						
						
						
						
						
						
						
						
						
						
						
						
						
						
						
						
						
						
						
						
						
						
						
						
						
						
						
						
						
						
						
						
						
						
						
						
						
						
						
						
						
						
						
						
						
						
						
						
						
						
						
						
						
						
						
						
						
						
						
						
						
						
						
						
						
						
						
						
						
						
						
						
						
						
						
						
						
						
						
						
						
						
						
						
						
						
						
						
						
						
						
						
						
						
						
						
						
						
						
						
						
						
						
						
						
						
						
						
						
						
						
						
						
						
						
						
						
						
						
						
						
						
						
						
						
						
						
						
						
						
						
						
						
						
						
						
						
						
						
						
						
						
						
						
						
						
						
						
						
						
						
						
						
						
						
						
						
						
						
						
						
						
						
						
						
						
						
						
						
						
						
						
						
						
						
						
						
						
						
						
						
						
						
						
						
						
						
						
						
						
						
						
						
						
						
						
						
						
						
						
						
						
						
						
						
						
						
						
						
						
						
						
						
						
						
						
						
						
						
						
						
						
						
						
						
						
						
						
						
						
						
						
						
						
						
						
						
						
						
						
						
						
						
						
						
						
						
						
						
						
						
						
						
						
						
						
						
						
						
						
						
						
						
						
						
						
						
						
						
						
						
						
						
						
						
						
						
						
						
						
						
						
						
						
						
						
						
						
						
						
						
						
						
						
						
						
						
						
						
						
						
						
						
						
						
						
						
						
						
						
						
						
						
						
						
						
						
						
						
						
						
						
						
						
						
						
						
						
						
						
						
						
						
						
						
						
						
						
						
						
						
						
						
						
						
						
						
						
						
						
						
						
						
						
						
						
						
						
						
						
						
						
						
						
						
						
						
						
						
						
						
						
						
						
						
						
						
						
						
						
						
						
						
						
						
						
						
						
						
						
						
						
						
						
						
						
						
						
						
						
						
						
						
						
						
						
						
						
						
						
						
						
						
						
						
						
						
						
						
						
						
						
						
						
						
						
						
						
						
						
						
						
						
						
						
						
						
						
						
						
						
						
						
						
						
						
						
						
						
						
						
						
						
						
						
						
						
						
						
						
						
						
						
						
						
						
						
						
						
						
						
						
						
						
						
						
						
						
						
						
						
						
						
						
						
						
						
						
						
						
						
						
						
						
						
						
						
						
						
						
						
						
						
						
						
						
						
						
						
						
						
						
						
						
						
						
						
						
						
						
						
						
						
						
						
						
						
						
						
						
						
						
						
						
						
						
						
						
						
						
						
						
						
						
						
						
						
						
						
						
						
						
						
						
						
						
						
						
						
						
						
						
						
						
						
						
						
						
						
						
						
						
						
						
						
						
						
						
						
						
						
						
						
						
						
						
						
						
						
						
						
						
						
						
						
						
						
						
						
						
						
						
						
						
						
						
						
						
						
						
						
						
						
						
						
						
						
						
						
						
						
						
						
						
						
						
						
						
						
						
						
						
						
						
						
						
						
						
						
						
						
						
						
						
						
						
						
						
						
						
						
						
						
						
						
						
						
						
						
						
						
						
						
						
						
						
						
						
						
						
						
						
						
						
						
						
						
						
						
						
						
						
						
						
						
						
						
						
						
						
						
						
						
						
						
						
						
						
						
						
						
						
						
						
						
						
						
						
						
						
						
						
						
						
						
						
						
						
						
						
						
						
						
						
						
						
						
						
						
						
						
						
						
						
						
						
						
						
						
						
						
						
						
						
						
						
						
						
						
						
						
						
						
						
						
						
						
						
						
						
						
						
						
						
						
						
						
						
						
						
						
						
						
						
						
						
						
						
						
						
						
						
						
						
						
						
						
						
						
						
						
						
						
						
						
						
						
						
						
						
						
						
						
						
						
						
						
						
						
						
						
						
						
						
						
						
						
						
						
						
						
						
						
						
						
						
						
						
						
						
						
						
						
						
						
						
						
						
						
						
						
						
						
						
						
						
						
						
						
						
						
						
						
						
						
						
						
						
						
						
						
						
						
						
						
						
						
						
						
						
						
						
						
						
						
						
						
						
						
						
						
						
						
						
						
						
						
						
						
						
						
						
						
						
						
						
						
						
						
						
						
						
						
						
						
						
						
						
						
						
						
						
						
						
						
						
						
						
						
						
						
						
						
						
						
						
						
						
						
						
						
						
						
						
						
						
						
						
						
						
						
						
						
						
						
						
						
						
						
						
						
						
						
						
						
						
						
						
						
						
						
						
						
						
						
						
						
						
						
						
						
						
						
						
						
						
						
						
						
						
						
						
						
						
						
						
						
						
						
						
						
						
						
						
						
						
						
						
						
						
						
						
						
						
						
						
						
						
						
						
						
						
						
						
						
						
						
						
						
						
						
						
						
						
						
						
						
						
						
						
						
						
						
						
						
						
						
						
						
						
						
						
						
						
						
						
						
						
						
						
						
						
						
						
						
						
						
						
						
						
						
						
						
						
						
						
						
						
						
						
						
						
						
						
						
						
						
						
						
						
						
						
						
						
						
						
						
						
						
						
						
						
						
						
						
						
						
						
						
						
						
						
						
						
						
						
						
						
						
						
						
						
						
						
						
						
						
						
						
						
						
						
						
						
						
						
						
						
						
						
						
						
						
						
						
						
						
						
						
						
						
						
						
						
						
						
						
						
						
						
						
						
						
						
						
						
						
						
						
						
						
						
						
						
						
						
						
						
						
						
						
						
						
						
						
						
						
						
						
						
						
						
						
						
						
						
						
						
						
						
						
						
						
						
						
						
						
						
						
						
						
						
						
						
						
						
						
						
						
						
						
						
						
						
						
						
						
						
						
						
						
						
						
						
						
						
						
						
						
						
						
						
						
						
						
						
						
						
						
						
						
						
						
						
						
						
						
						
						
						
						
						
						
						
						
						
						
						
						
						
						
						
						
						
						
						
						
						
						
						
						
						
						
						
						
						
						
						
						
						
						
						
						
						
						
						
						
						
						
						
						
						
						
						
						
						
						
						
						
						
						
						
						
						
						
						
						
						
						
						
						
						
						
						
						
						
						
						
						
						
						
						
						
						
						
						
						
						
						
						
						
						
						
						
						
						
						
						
						
						
						
						
						
						
						
						
						
						
						
						
						
						
						
						
						
						
						
						
						
						
						
						
						
						
						
						
						
						
						
						
						
						
						
						
						
						
						
						
						
						
						
						
						
						
						
						
						
						
						
						
						
						
						
						
						
						
						
						
						
						
						
						
						
						
						
						
						
						
						
						
						
						
						
						
						
						
						
						
						
						
						
						
						
						
						
						
						
						
						
						
						
						
						
						
						
						
						
						
						
						
						
						
						
						
						
						
						
						
						
						
						
						
						
						
						
						
						
						
						
						
						
						
						
						
						
						
						
						
						
						
						
						
						
						
						
						
						
						
						
						
						
						
						
						
						
						
						
						
						
						
						
						
						
						
						
						
						
						
						
						
						
						
						
						
						
						
						
						
						
						
						
						
						
						
						
						
						
						
						
						
						
						
						
						
						
						
						
						
						
						
						
						
						
						
						
						
						
						
						
						
						
						
						
						
						
						
						
						
						
						
						
						
						
						
						
						
						
						
						
						
						
						
						
						
						
						
						
						
						
						
						
						
						
						
						
						
						
						
						
						
						
						
						
						
						
						
						
						
						
						
						
						
						
						
						
						
						
						
						
						
						
						
						
						
						
						
						
						
						
						
						
						
						
						
						
						
						
						
						
						
						
						
						
						
						
						
						
						
						
						
						
						
						
						
						
						
						
						
						
						
						
						
						
						
						
						
						
						
						
						
						
						
						
						
						
						
						
						
						
						
						
						
						
						
						
						
						
						
						
						
						
						
						
						
						
						
						
						
						
						
						
						
						
						
						
						
						
						
						
						
						
						
						
						
						
						
						
						
						
						
						
						
						
						
						
						
						
						
						
						
						
						
						
						
						
						
						
						
						
						
						
						
						
						
						
						
						
						
						
						
						
						
						
						
						
						
						
						
						
						
						
						
						
						
						
						
						
						
						
						
						
						
						
						
						
						
						
						
						
						
						
						
						
						
						
						
						
						
						
						
						
						
						
						
						
						
						
						
						
						
						
						
						
						
						
						
						
						
						
						
						
						
						
						
						
						
						
						
						
						
						
						
						
						
						
						
						
						
						
						
						
						
						
						
						
						
						
						
						
						
						
						
						
						
						
						
						
						
						
						
						
						
						
						
						
						
						
						
						
						
						
						
						
						
						
						
						
						
						
						
						
						
						
						
						
						
						
						
						
						
						
						
						
						
						
						
						
						
						
						
						
						
						
						
						
						
						
						
						
						
						
						
						
						
						
						
						
						
						
						
						
						
						
						
						
						
						
						
						
						
						
						
						
						
						
						
						
						
						
						
						
						
						
						
						
						
						
						
						
						
						
						
						
						
						
						
						
						
						
						
						
						
						
						
						
						
						
						
						
						
						
						
						
						
						
						
						
						
						
						
						
						
						
						
						
						
						
						
						
						
						
						
						
						
						
						
						
						
						
						
						
						
						
						
						
						
						
						
						
						
						
						
						
						
						
						
						
						
						
						
						
						
						
						
						
						
						
						
						
						
						
						
						
						
						
						
						
						
						
						
						
						
						
						
						
						
						
						
						
						
						
						
						
						
						
						
						
						
						
						
						
						
						
						
						
						
						
						
						
						
						
						
						
						
						
						
						
						
						
						
						
						
						
						
						
						
						
						
						
						
						
						
						
						
						
						
						
						
						
						
						
						
						
						
						
						
						
						
						
						
						
						
						
						
						
						
						
						
						
						
						
						
						
						
						
						
						
						
						
						
						
						
						
						
						
						
						
						
						
						
						
						
						
						
						
						
						
						
						
						
						
						
						
						
						
						
						
						
						
						
						
						
						
						
						
						
						
						
						
						
						
						
						
						
						
						
						
