-0.01	-0.01	-0.01	-0.07	-0.06	-0.04	
-0.04	-0.02	-0.03	-0.21	-0.18	-0.11	
-0.09	-0.05	-0.06	-0.49	-0.42	-0.24	
-0.16	-0.09	-0.11	-0.89	-0.77	-0.42	
-0.24	-0.14	-0.16	-1.37	-1.21	-0.62	
-0.33	-0.19	-0.21	-1.90	-1.71	-0.84	
-0.42	-0.24	-0.26	-2.45	-2.24	-1.06	
-0.51	-0.28	-0.30	-3.01	-2.78	-1.28	
-0.59	-0.33	-0.34	-3.57	-3.29	-1.49	
-0.67	-0.36	-0.38	-4.09	-3.78	-1.68	
-0.74	-0.38	-0.41	-4.59	-4.23	-1.85	
-0.81	-0.41	-0.43	-5.05	-4.64	-2.01	
-0.87	-0.43	-0.47	-5.47	-5.02	-2.18	
-0.93	-0.46	-0.51	-5.87	-5.38	-2.35	
-0.98	-0.50	-0.56	-6.22	-5.71	-2.53	
-1.03	-0.54	-0.62	-6.53	-6.00	-2.70	
-1.08	-0.58	-0.68	-6.81	-6.25	-2.88	
-1.12	-0.63	-0.75	-7.06	-6.49	-3.06	
-1.15	-0.67	-0.81	-7.28	-6.70	-3.23	
-1.17	-0.71	-0.88	-7.47	-6.89	-3.40	
-1.18	-0.75	-0.94	-7.63	-7.05	-3.54	
-1.17	-0.78	-1.00	-7.73	-7.15	-3.64	
-1.16	-0.80	-1.06	-7.77	-7.19	-3.68	
-1.13	-0.82	-1.12	-7.77	-7.18	-3.68	
-1.09	-0.83	-1.18	-7.72	-7.12	-3.63	
-1.05	-0.84	-1.23	-7.63	-7.02	-3.54	
-1.01	-0.85	-1.28	-7.50	-6.88	-3.42	
-0.95	-0.84	-1.31	-7.33	-6.71	-3.27	
-0.88	-0.82	-1.31	-7.13	-6.52	-3.10	
-0.81	-0.78	-1.30	-6.92	-6.33	-2.94	
-0.73	-0.73	-1.26	-6.71	-6.16	-2.80	
-0.66	-0.68	-1.21	-6.51	-6.01	-2.68	
-0.58	-0.62	-1.14	-6.31	-5.88	-2.57	
-0.50	-0.55	-1.07	-6.12	-5.75	-2.47	
-0.41	-0.48	-0.98	-5.93	-5.63	-2.37	
-0.33	-0.40	-0.89	-5.76	-5.52	-2.26	
-0.24	-0.32	-0.80	-5.62	-5.43	-2.16	
-0.16	-0.24	-0.71	-5.51	-5.35	-2.07	
-0.08	-0.17	-0.63	-5.42	-5.29	-1.98	
-0.01	-0.10	-0.55	-5.37	-5.23	-1.88	
0.06	-0.03	-0.47	-5.32	-5.17	-1.77	
0.12	0.04	-0.40	-5.29	-5.09	-1.65	
0.18	0.09	-0.33	-5.28	-5.02	-1.54	
0.23	0.14	-0.27	-5.29	-4.94	-1.42	
0.26	0.18	-0.23	-5.31	-4.86	-1.30	
0.28	0.20	-0.19	-5.32	-4.75	-1.16	
0.29	0.21	-0.17	-5.32	-4.60	-0.98	
0.29	0.21	-0.17	-5.31	-4.43	-0.79	
0.28	0.20	-0.17	-5.30	-4.24	-0.58	
0.26	0.18	-0.19	-5.30	-4.06	-0.40	
0.24	0.15	-0.22	-5.31	-3.91	-0.23	
0.21	0.12	-0.26	-5.34	-3.78	-0.09	
0.19	0.10	-0.30	-5.39	-3.68	0.02	
0.18	0.08	-0.34	-5.44	-3.59	0.10	
0.18	0.07	-0.38	-5.51	-3.55	0.14	
0.19	0.06	-0.42	-5.61	-3.54	0.14	
0.21	0.06	-0.47	-5.74	-3.58	0.09	
0.24	0.06	-0.52	-5.89	-3.65	0.02	
0.29	0.08	-0.57	-6.05	-3.74	-0.08	
0.35	0.11	-0.61	-6.22	-3.84	-0.18	
0.44	0.16	-0.64	-6.40	-3.95	-0.30	
0.54	0.22	-0.66	-6.60	-4.09	-0.44	
0.66	0.30	-0.67	-6.81	-4.26	-0.59	
0.79	0.38	-0.67	-7.03	-4.44	-0.74	
0.92	0.47	-0.67	-7.24	-4.63	-0.90	
1.05	0.56	-0.65	-7.43	-4.81	-1.05	
1.19	0.65	-0.62	-7.61	-5.00	-1.20	
1.31	0.75	-0.59	-7.78	-5.19	-1.36	
1.43	0.83	-0.54	-7.94	-5.40	-1.54	
1.53	0.92	-0.48	-8.08	-5.60	-1.73	
1.62	0.99	-0.42	-8.20	-5.80	-1.91	
1.70	1.06	-0.35	-8.28	-5.98	-2.08	
1.76	1.12	-0.27	-8.32	-6.14	-2.23	
1.81	1.16	-0.20	-8.34	-6.27	-2.36	
1.83	1.19	-0.14	-8.33	-6.37	-2.46	
1.84	1.19	-0.08	-8.29	-6.45	-2.54	
1.82	1.18	-0.05	-8.24	-6.50	-2.57	
1.79	1.15	-0.02	-8.16	-6.50	-2.57	
1.75	1.10	-0.01	-8.06	-6.48	-2.52	
1.70	1.04	-0.01	-7.97	-6.43	-2.45	
1.64	0.98	-0.03	-7.88	-6.36	-2.36	
1.57	0.90	-0.06	-7.80	-6.28	-2.25	
1.49	0.82	-0.11	-7.73	-6.18	-2.13	
1.43	0.73	-0.16	-7.66	-6.06	-1.98	
1.36	0.65	-0.22	-7.60	-5.92	-1.83	
1.32	0.58	-0.28	-7.55	-5.78	-1.68	
1.28	0.51	-0.34	-7.53	-5.64	-1.53	
1.25	0.45	-0.39	-7.53	-5.51	-1.40	
1.24	0.40	-0.44	-7.53	-5.37	-1.27	
1.24	0.35	-0.48	-7.52	-5.22	-1.15	
1.25	0.31	-0.51	-7.51	-5.07	-1.03	
1.28	0.28	-0.54	-7.50	-4.92	-0.92	
1.33	0.27	-0.55	-7.48	-4.77	-0.82	
1.39	0.27	-0.55	-7.47	-4.64	-0.75	
1.47	0.28	-0.55	-7.45	-4.52	-0.68	
1.56	0.30	-0.54	-7.43	-4.41	-0.63	
1.66	0.32	-0.52	-7.41	-4.31	-0.57	
1.78	0.36	-0.50	-7.39	-4.22	-0.52	
1.91	0.41	-0.46	-7.40	-4.15	-0.47	
2.04	0.47	-0.43	-7.42	-4.10	-0.44	
2.19	0.54	-0.38	-7.46	-4.07	-0.41	
2.34	0.62	-0.33	-7.51	-4.06	-0.39	
2.50	0.71	-0.28	-7.57	-4.07	-0.37	
2.67	0.81	-0.21	-7.64	-4.09	-0.35	
2.84	0.92	-0.15	-7.72	-4.12	-0.34	
3.01	1.03	-0.09	-7.79	-4.18	-0.34	
3.16	1.14	-0.05	-7.87	-4.26	-0.35	
3.30	1.24	-0.01	-7.94	-4.36	-0.38	
3.42	1.32	0.00	-8.01	-4.46	-0.42	
3.51	1.38	0.01	-8.06	-4.56	-0.48	
3.58	1.43	0.01	-8.09	-4.67	-0.56	
3.62	1.47	0.00	-8.10	-4.78	-0.66	
3.64	1.48	-0.01	-8.08	-4.87	-0.75	
3.63	1.48	-0.03	-8.03	-4.94	-0.84	
3.59	1.46	-0.05	-7.95	-4.98	-0.92	
3.54	1.44	-0.06	-7.83	-4.98	-0.98	
3.47	1.42	-0.05	-7.69	-4.96	-1.04	
3.39	1.39	-0.04	-7.53	-4.92	-1.09	
3.30	1.37	-0.01	-7.36	-4.86	-1.14	
3.19	1.33	0.03	-7.18	-4.80	-1.18	
3.07	1.30	0.07	-7.00	-4.72	-1.21	
2.94	1.25	0.11	-6.81	-4.63	-1.24	
2.81	1.20	0.15	-6.61	-4.52	-1.25	
2.68	1.14	0.18	-6.42	-4.41	-1.25	
2.55	1.07	0.21	-6.23	-4.29	-1.24	
2.41	1.00	0.22	-6.03	-4.15	-1.21	
2.29	0.93	0.23	-5.84	-4.00	-1.17	
2.16	0.85	0.23	-5.66	-3.85	-1.12	
2.04	0.76	0.22	-5.50	-3.70	-1.05	
1.92	0.67	0.21	-5.37	-3.55	-0.99	
1.79	0.56	0.18	-5.27	-3.44	-0.93	
1.66	0.44	0.14	-5.23	-3.35	-0.89	
1.53	0.31	0.09	-5.23	-3.29	-0.86	
1.39	0.17	0.03	-5.29	-3.27	-0.85	
1.25	0.03	-0.04	-5.39	-3.29	-0.85	
1.11	-0.12	-0.11	-5.53	-3.32	-0.85	
0.97	-0.26	-0.18	-5.70	-3.38	-0.85	
0.82	-0.41	-0.25	-5.90	-3.45	-0.85	
0.67	-0.55	-0.33	-6.12	-3.55	-0.83	
0.52	-0.69	-0.41	-6.34	-3.66	-0.81	
0.37	-0.83	-0.49	-6.57	-3.79	-0.78	
0.22	-0.95	-0.56	-6.79	-3.93	-0.76	
0.08	-1.05	-0.63	-6.99	-4.08	-0.74	
-0.04	-1.15	-0.68	-7.17	-4.23	-0.73	
-0.15	-1.22	-0.72	-7.31	-4.37	-0.73	
-0.24	-1.28	-0.75	-7.40	-4.51	-0.72	
-0.31	-1.33	-0.78	-7.45	-4.63	-0.71	
-0.35	-1.36	-0.80	-7.44	-4.74	-0.71	
-0.38	-1.37	-0.80	-7.38	-4.83	-0.71	
-0.37	-1.37	-0.80	-7.28	-4.90	-0.73	
-0.35	-1.37	-0.80	-7.14	-4.98	-0.76	
-0.30	-1.35	-0.78	-6.97	-5.05	-0.81	
-0.23	-1.34	-0.77	-6.79	-5.11	-0.89	
-0.14	-1.31	-0.74	-6.57	-5.17	-0.98	
-0.04	-1.28	-0.72	-6.34	-5.20	-1.08	
0.07	-1.25	-0.68	-6.07	-5.21	-1.18	
0.21	-1.20	-0.63	-5.79	-5.19	-1.28	
0.36	-1.13	-0.57	-5.48	-5.13	-1.40	
0.53	-1.03	-0.49	-5.15	-5.05	-1.52	
0.72	-0.91	-0.39	-4.78	-4.92	-1.63	
0.94	-0.75	-0.27	-4.37	-4.74	-1.74	
1.18	-0.56	-0.15	-3.92	-4.50	-1.82	
1.45	-0.33	-0.01	-3.41	-4.20	-1.89	
1.75	-0.08	0.13	-2.87	-3.85	-1.93	
2.07	0.20	0.26	-2.28	-3.46	-1.95	
2.42	0.51	0.40	-1.67	-3.02	-1.95	
2.80	0.84	0.53	-1.02	-2.54	-1.92	
3.20	1.19	0.66	-0.36	-2.02	-1.86	
3.63	1.55	0.78	0.32	-1.48	-1.76	
4.08	1.93	0.89	0.99	-0.92	-1.64	
4.55	2.30	1.00	1.64	-0.37	-1.50	
5.02	2.67	1.11	2.25	0.18	-1.34	
5.49	3.04	1.21	2.82	0.71	-1.15	
5.95	3.39	1.30	3.33	1.22	-0.94	
6.39	3.73	1.38	3.78	1.71	-0.71	
6.82	4.06	1.47	4.16	2.15	-0.47	
7.22	4.37	1.54	4.46	2.54	-0.22	
7.59	4.66	1.61	4.69	2.89	0.03	
7.94	4.93	1.67	4.87	3.20	0.28	
8.24	5.17	1.73	5.00	3.47	0.55	
8.51	5.39	1.77	5.08	3.71	0.82	
8.75	5.60	1.81	5.13	3.92	1.09	
8.94	5.78	1.86	5.12	4.09	1.34	
9.11	5.95	1.91	5.08	4.20	1.56	
9.25	6.11	1.96	4.99	4.28	1.74	
9.35	6.25	2.02	4.88	4.32	1.89	
9.43	6.39	2.09	4.75	4.34	2.01	
9.48	6.51	2.16	4.61	4.32	2.09	
9.51	6.63	2.25	4.45	4.29	2.15	
9.51	6.75	2.34	4.30	4.24	2.17	
9.49	6.87	2.45	4.15	4.18	2.17	
9.45	6.98	2.56	4.01	4.13	2.16	
9.38	7.09	2.68	3.89	4.09	2.15	
9.30	7.19	2.79	3.80	4.08	2.14	
9.20	7.29	2.91	3.75	4.09	2.15	
9.09	7.38	3.02	3.73	4.13	2.17	
8.97	7.46	3.13	3.75	4.20	2.21	
8.84	7.54	3.24	3.81	4.30	2.28	
8.72	7.61	3.34	3.91	4.43	2.37	
8.59	7.67	3.44	4.06	4.59	2.49	
8.48	7.73	3.54	4.23	4.76	2.63	
8.38	7.79	3.62	4.42	4.94	2.78	
8.27	7.82	3.70	4.63	5.13	2.94	
8.17	7.84	3.75	4.84	5.32	3.11	
8.07	7.83	3.78	5.05	5.52	3.30	
7.97	7.81	3.79	5.24	5.71	3.51	
7.88	7.78	3.78	5.42	5.90	3.72	
7.81	7.74	3.76	5.55	6.06	3.92	
7.75	7.70	3.73	5.66	6.19	4.13	
7.70	7.65	3.68	5.72	6.29	4.32	
7.67	7.60	3.61	5.75	6.36	4.49	
7.66	7.54	3.52	5.74	6.39	4.63	
7.65	7.47	3.42	5.71	6.39	4.74	
7.64	7.39	3.30	5.64	6.34	4.80	
7.65	7.30	3.17	5.56	6.26	4.83	
7.65	7.19	3.02	5.46	6.14	4.82	
7.64	7.07	2.87	5.35	5.98	4.77	
7.63	6.94	2.71	5.24	5.80	4.68	
7.61	6.79	2.55	5.12	5.59	4.55	
7.57	6.63	2.39	5.00	5.35	4.40	
7.51	6.45	2.23	4.88	5.09	4.23	
7.42	6.26	2.08	4.76	4.82	4.06	
7.30	6.05	1.92	4.64	4.54	3.89	
7.15	5.81	1.76	4.52	4.26	3.74	
6.97	5.56	1.59	4.37	3.97	3.59	
6.76	5.28	1.41	4.21	3.66	3.44	
6.51	4.98	1.24	4.01	3.34	3.29	
6.23	4.67	1.05	3.78	2.99	3.13	
5.92	4.32	0.85	3.52	2.63	2.98	
5.57	3.95	0.64	3.23	2.26	2.82	
5.19	3.55	0.42	2.90	1.86	2.64	
4.78	3.14	0.21	2.53	1.44	2.45	
4.36	2.72	-0.01	2.12	1.00	2.24	
3.91	2.29	-0.22	1.69	0.54	2.01	
3.46	1.84	-0.43	1.23	0.08	1.76	
2.99	1.39	-0.65	0.76	-0.38	1.50	
2.51	0.93	-0.86	0.29	-0.84	1.24	
2.03	0.47	-1.07	-0.17	-1.29	0.95	
1.54	0.00	-1.29	-0.63	-1.74	0.65	
1.07	-0.47	-1.50	-1.07	-2.18	0.33	
0.60	-0.93	-1.72	-1.48	-2.60	0.01	
0.14	-1.40	-1.95	-1.86	-3.01	-0.32	
-0.31	-1.87	-2.18	-2.21	-3.38	-0.64	
-0.74	-2.33	-2.42	-2.52	-3.72	-0.95	
-1.15	-2.78	-2.66	-2.78	-4.03	-1.23	
-1.54	-3.23	-2.90	-3.00	-4.29	-1.50	
-1.92	-3.66	-3.14	-3.18	-4.52	-1.74	
-2.29	-4.09	-3.38	-3.33	-4.70	-1.96	
-2.64	-4.51	-3.61	-3.43	-4.85	-2.16	
-2.98	-4.91	-3.82	-3.49	-4.95	-2.32	
-3.30	-5.28	-4.02	-3.51	-5.01	-2.44	
-3.60	-5.63	-4.19	-3.48	-5.02	-2.52	
-3.88	-5.95	-4.33	-3.42	-4.99	-2.55	
-4.14	-6.24	-4.45	-3.32	-4.92	-2.53	
-4.37	-6.49	-4.55	-3.20	-4.82	-2.48	
-4.58	-6.71	-4.62	-3.07	-4.70	-2.39	
-4.76	-6.90	-4.67	-2.93	-4.56	-2.29	
-4.91	-7.04	-4.69	-2.79	-4.42	-2.18	
-5.04	-7.15	-4.68	-2.65	-4.28	-2.05	
-5.14	-7.22	-4.67	-2.53	-4.14	-1.93	
-5.23	-7.28	-4.65	-2.41	-4.01	-1.80	
-5.30	-7.32	-4.62	-2.29	-3.87	-1.66	
-5.37	-7.35	-4.58	-2.16	-3.72	-1.51	
-5.42	-7.36	-4.54	-2.03	-3.57	-1.36	
-5.48	-7.36	-4.49	-1.89	-3.41	-1.21	
-5.52	-7.36	-4.43	-1.75	-3.25	-1.07	
-5.57	-7.36	-4.38	-1.60	-3.08	-0.93	
-5.62	-7.35	-4.33	-1.44	-2.90	-0.79	
-5.66	-7.34	-4.27	-1.25	-2.69	-0.63	
-5.69	-7.32	-4.21	-1.04	-2.45	-0.46	
-5.71	-7.30	-4.15	-0.81	-2.19	-0.28	
-5.73	-7.27	-4.09	-0.57	-1.90	-0.08	
-5.74	-7.24	-4.03	-0.33	-1.60	0.12	
-5.74	-7.21	-3.98	-0.08	-1.29	0.32	
-5.73	-7.19	-3.93	0.16	-0.97	0.53	
-5.72	-7.18	-3.89	0.40	-0.63	0.75	
-5.70	-7.17	-3.86	0.63	-0.28	0.98	
-5.69	-7.16	-3.82	0.85	0.07	1.22	
-5.67	-7.18	-3.80	1.07	0.44	1.47	
-5.66	-7.20	-3.77	1.28	0.81	1.73	
-5.64	-7.22	-3.73	1.48	1.19	2.01	
-5.62	-7.24	-3.69	1.68	1.57	2.30	
-5.59	-7.25	-3.63	1.87	1.95	2.60	
-5.57	-7.27	-3.58	2.04	2.32	2.89	
-5.54	-7.28	-3.52	2.18	2.64	3.15	
-5.53	-7.29	-3.47	2.29	2.92	3.38	
-5.52	-7.31	-3.43	2.37	3.15	3.56	
-5.51	-7.33	-3.39	2.42	3.34	3.72	
-5.49	-7.33	-3.36	2.45	3.49	3.85	
-5.47	-7.32	-3.32	2.46	3.62	3.96	
-5.44	-7.29	-3.28	2.45	3.70	4.03	
-5.40	-7.24	-3.24	2.43	3.76	4.07	
-5.34	-7.16	-3.19	2.39	3.79	4.10	
-5.27	-7.06	-3.12	2.36	3.82	4.12	
-5.17	-6.93	-3.03	2.34	3.85	4.14	
-5.06	-6.78	-2.93	2.33	3.88	4.16	
-4.93	-6.60	-2.82	2.32	3.91	4.16	
-4.80	-6.42	-2.70	2.31	3.93	4.15	
-4.67	-6.24	-2.58	2.30	3.95	4.14	
-4.54	-6.06	-2.47	2.30	3.97	4.13	
-4.41	-5.88	-2.36	2.31	4.00	4.12	
-4.28	-5.71	-2.25	2.34	4.04	4.13	
-4.15	-5.54	-2.14	2.36	4.09	4.15	
-4.02	-5.37	-2.03	2.39	4.13	4.17	
-3.90	-5.21	-1.92	2.40	4.18	4.21	
-3.77	-5.06	-1.82	2.41	4.23	4.26	
-3.65	-4.91	-1.71	2.40	4.30	4.32	
-3.53	-4.76	-1.60	2.38	4.36	4.40	
-3.41	-4.62	-1.50	2.32	4.42	4.47	
-3.31	-4.50	-1.41	2.23	4.45	4.53	
-3.22	-4.39	-1.34	2.11	4.46	4.57	
-3.14	-4.31	-1.30	1.97	4.46	4.62	
-3.09	-4.25	-1.27	1.81	4.45	4.67	
-3.04	-4.20	-1.25	1.64	4.44	4.72	
-3.01	-4.16	-1.25	1.46	4.41	4.76	
-2.99	-4.13	-1.26	1.26	4.37	4.79	
-2.97	-4.12	-1.28	1.05	4.30	4.79	
-2.96	-4.11	-1.30	0.83	4.22	4.79	
-2.94	-4.11	-1.33	0.61	4.13	4.79	
-2.92	-4.10	-1.36	0.39	4.03	4.78	
-2.90	-4.09	-1.38	0.17	3.92	4.77	
-2.87	-4.08	-1.39	-0.06	3.80	4.74	
-2.84	-4.07	-1.40	-0.29	3.65	4.71	
-2.81	-4.05	-1.41	-0.51	3.50	4.67	
-2.77	-4.03	-1.42	-0.71	3.35	4.65	
-2.72	-4.00	-1.42	-0.88	3.22	4.64	
-2.66	-3.96	-1.42	-1.04	3.09	4.63	
-2.60	-3.91	-1.40	-1.18	2.97	4.62	
-2.53	-3.84	-1.38	-1.30	2.85	4.59	
-2.47	-3.77	-1.36	-1.40	2.73	4.55	
-2.41	-3.70	-1.33	-1.48	2.61	4.49	
-2.34	-3.61	-1.30	-1.53	2.51	4.43	
-2.27	-3.52	-1.26	-1.56	2.41	4.34	
-2.20	-3.42	-1.22	-1.59	2.31	4.23	
-2.12	-3.31	-1.18	-1.61	2.19	4.08	
-2.05	-3.21	-1.14	-1.64	2.07	3.91	
-1.98	-3.11	-1.11	-1.65	1.96	3.73	
-1.90	-3.01	-1.09	-1.64	1.86	3.55	
-1.83	-2.90	-1.06	-1.62	1.78	3.38	
-1.75	-2.80	-1.03	-1.59	1.70	3.20	
-1.67	-2.69	-0.99	-1.57	1.62	3.00	
-1.59	-2.59	-0.97	-1.55	1.53	2.79	
-1.53	-2.51	-0.95	-1.53	1.45	2.59	
-1.47	-2.43	-0.95	-1.50	1.38	2.39	
-1.40	-2.37	-0.95	-1.46	1.34	2.22	
-1.34	-2.30	-0.95	-1.43	1.31	2.07	
-1.26	-2.23	-0.95	-1.41	1.28	1.93	
-1.19	-2.17	-0.95	-1.40	1.25	1.81	
-1.11	-2.11	-0.95	-1.40	1.24	1.71	
-1.03	-2.06	-0.96	-1.39	1.25	1.66	
-0.95	-2.01	-0.97	-1.37	1.28	1.64	
-0.86	-1.96	-0.97	-1.35	1.33	1.65	
-0.76	-1.91	-0.98	-1.33	1.38	1.68	
-0.66	-1.86	-1.00	-1.33	1.42	1.72	
-0.56	-1.82	-1.01	-1.35	1.44	1.75	
-0.45	-1.79	-1.03	-1.38	1.44	1.78	
-0.35	-1.75	-1.05	-1.44	1.42	1.79	
-0.23	-1.71	-1.06	-1.53	1.36	1.78	
-0.11	-1.66	-1.06	-1.66	1.27	1.73	
0.01	-1.61	-1.05	-1.83	1.12	1.63	
0.13	-1.55	-1.05	-2.03	0.94	1.49	
0.24	-1.49	-1.05	-2.24	0.74	1.33	
0.35	-1.44	-1.04	-2.46	0.53	1.16	
0.46	-1.37	-1.04	-2.67	0.32	1.00	
0.56	-1.30	-1.03	-2.89	0.12	0.86	
0.66	-1.22	-1.02	-3.10	-0.09	0.73	
0.76	-1.14	-1.01	-3.31	-0.29	0.62	
0.84	-1.06	-1.01	-3.52	-0.47	0.54	
0.91	-0.98	-1.00	-3.71	-0.64	0.48	
0.97	-0.90	-0.98	-3.90	-0.78	0.46	
1.02	-0.81	-0.95	-4.08	-0.92	0.44	
1.07	-0.72	-0.92	-4.27	-1.05	0.43	
1.09	-0.63	-0.88	-4.46	-1.18	0.43	
1.09	-0.56	-0.84	-4.64	-1.29	0.42	
1.07	-0.50	-0.82	-4.80	-1.39	0.44	
1.04	-0.46	-0.80	-4.94	-1.46	0.46	
0.99	-0.43	-0.78	-5.06	-1.51	0.49	
0.94	-0.41	-0.77	-5.17	-1.56	0.50	
0.89	-0.39	-0.77	-5.28	-1.61	0.50	
0.83	-0.39	-0.77	-5.38	-1.66	0.48	
0.76	-0.40	-0.77	-5.47	-1.73	0.44	
0.70	-0.42	-0.78	-5.57	-1.80	0.38	
0.64	-0.43	-0.79	-5.66	-1.88	0.30	
0.59	-0.45	-0.80	-5.77	-1.97	0.21	
0.54	-0.48	-0.81	-5.87	-2.08	0.09	
0.49	-0.52	-0.83	-5.98	-2.20	-0.04	
0.42	-0.58	-0.87	-6.09	-2.33	-0.19	
0.34	-0.66	-0.91	-6.21	-2.47	-0.37	
0.26	-0.74	-0.95	-6.35	-2.62	-0.57	
0.18	-0.82	-0.99	-6.50	-2.79	-0.81	
0.10	-0.91	-1.03	-6.66	-2.98	-1.07	
0.02	-1.00	-1.08	-6.83	-3.18	-1.35	
-0.06	-1.11	-1.14	-6.98	-3.37	-1.62	
-0.15	-1.22	-1.21	-7.12	-3.53	-1.87	
-0.22	-1.33	-1.28	-7.23	-3.66	-2.10	
-0.28	-1.43	-1.35	-7.30	-3.77	-2.31	
-0.32	-1.52	-1.42	-7.36	-3.86	-2.49	
-0.35	-1.59	-1.48	-7.39	-3.94	-2.67	
-0.38	-1.65	-1.54	-7.39	-4.00	-2.84	
-0.40	-1.70	-1.60	-7.38	-4.06	-3.01	
-0.42	-1.74	-1.65	-7.35	-4.12	-3.18	
-0.42	-1.75	-1.69	-7.32	-4.20	-3.36	
-0.42	-1.74	-1.71	-7.30	-4.30	-3.57	
-0.40	-1.71	-1.72	-7.30	-4.43	-3.81	
-0.37	-1.68	-1.73	-7.34	-4.60	-4.08	
-0.35	-1.63	-1.73	-7.41	-4.80	-4.38	
-0.32	-1.59	-1.73	-7.52	-5.03	-4.69	
-0.29	-1.54	-1.73	-7.67	-5.27	-5.02	
-0.25	-1.49	-1.72	-7.86	-5.53	-5.33	
-0.22	-1.43	-1.71	-8.07	-5.79	-5.63	
-0.18	-1.37	-1.69	-8.31	-6.04	-5.90	
-0.16	-1.32	-1.68	-8.54	-6.27	-6.14	
-0.14	-1.27	-1.65	-8.78	-6.47	-6.34	
-0.11	-1.21	-1.61	-9.01	-6.66	-6.52	
-0.09	-1.15	-1.56	-9.23	-6.83	-6.67	
-0.07	-1.07	-1.48	-9.44	-6.99	-6.81	
-0.07	-1.01	-1.40	-9.64	-7.14	-6.95	
-0.08	-0.95	-1.32	-9.82	-7.28	-7.06	
-0.11	-0.90	-1.23	-9.98	-7.40	-7.16	
-0.15	-0.86	-1.15	-10.13	-7.51	-7.22	
-0.20	-0.83	-1.05	-10.25	-7.59	-7.27	
-0.26	-0.79	-0.96	-10.36	-7.67	-7.29	
-0.33	-0.77	-0.86	-10.46	-7.73	-7.31	
-0.40	-0.74	-0.77	-10.54	-7.79	-7.32	
-0.46	-0.72	-0.68	-10.62	-7.83	-7.33	
-0.52	-0.70	-0.59	-10.68	-7.87	-7.33	
-0.57	-0.67	-0.50	-10.73	-7.91	-7.34	
-0.60	-0.63	-0.41	-10.78	-7.95	-7.37	
-0.61	-0.59	-0.33	-10.83	-8.00	-7.40	
-0.61	-0.53	-0.24	-10.86	-8.05	-7.45	
-0.61	-0.48	-0.16	-10.88	-8.10	-7.49	
-0.59	-0.42	-0.09	-10.87	-8.13	-7.52	
-0.56	-0.36	-0.01	-10.84	-8.16	-7.55	
-0.53	-0.29	0.07	-10.80	-8.18	-7.58	
-0.48	-0.22	0.14	-10.75	-8.20	-7.61	
-0.45	-0.16	0.21	-10.69	-8.22	-7.64	
-0.42	-0.10	0.26	-10.63	-8.24	-7.68	
-0.39	-0.06	0.31	-10.56	-8.26	-7.72	
-0.38	-0.03	0.35	-10.48	-8.28	-7.77	
-0.37	0.00	0.39	-10.39	-8.29	-7.83	
-0.36	0.03	0.42	-10.31	-8.31	-7.91	
-0.37	0.04	0.44	-10.23	-8.34	-8.01	
-0.39	0.05	0.45	-10.15	-8.37	-8.12	
-0.41	0.04	0.45	-10.08	-8.40	-8.23	
-0.43	0.04	0.44	-10.02	-8.43	-8.35	
-0.44	0.04	0.43	-9.96	-8.47	-8.46	
-0.44	0.05	0.42	-9.91	-8.51	-8.58	
-0.41	0.07	0.42	-9.87	-8.57	-8.71	
-0.38	0.10	0.42	-9.84	-8.63	-8.85	
-0.34	0.13	0.42	-9.80	-8.68	-8.97	
-0.28	0.17	0.42	-9.73	-8.71	-9.08	
-0.22	0.20	0.42	-9.65	-8.70	-9.15	
-0.15	0.24	0.41	-9.54	-8.65	-9.19	
-0.07	0.27	0.40	-9.41	-8.58	-9.19	
0.00	0.29	0.38	-9.26	-8.48	-9.16	
0.07	0.30	0.35	-9.11	-8.36	-9.10	
0.13	0.30	0.31	-8.95	-8.23	-9.02	
0.18	0.29	0.28	-8.81	-8.10	-8.93	
0.23	0.28	0.24	-8.69	-7.99	-8.84	
0.27	0.26	0.22	-8.60	-7.90	-8.77	
0.29	0.24	0.19	-8.55	-7.82	-8.70	
0.30	0.20	0.17	-8.51	-7.76	-8.63	
0.29	0.16	0.14	-8.49	-7.69	-8.55	
0.26	0.11	0.12	-8.48	-7.62	-8.46	
0.22	0.06	0.10	-8.46	-7.52	-8.34	
0.17	0.00	0.09	-8.45	-7.42	-8.21	
0.10	-0.06	0.08	-8.43	-7.30	-8.06	
0.02	-0.13	0.06	-8.41	-7.16	-7.89	
-0.07	-0.20	0.04	-8.37	-7.02	-7.71	
-0.18	-0.28	0.03	-8.32	-6.85	-7.52	
-0.28	-0.36	0.02	-8.25	-6.67	-7.32	
-0.39	-0.42	0.03	-8.17	-6.49	-7.11	
-0.49	-0.49	0.04	-8.07	-6.30	-6.91	
-0.59	-0.55	0.06	-7.95	-6.12	-6.72	
-0.70	-0.61	0.07	-7.81	-5.94	-6.52	
-0.81	-0.68	0.08	-7.65	-5.77	-6.34	
-0.92	-0.76	0.08	-7.47	-5.60	-6.16	
-1.03	-0.83	0.08	-7.28	-5.44	-6.01	
-1.14	-0.91	0.07	-7.08	-5.30	-5.89	
-1.25	-0.99	0.06	-6.88	-5.18	-5.78	
-1.37	-1.08	0.04	-6.67	-5.06	-5.69	
-1.49	-1.18	0.00	-6.45	-4.94	-5.62	
-1.61	-1.27	-0.04	-6.23	-4.82	-5.56	
-1.73	-1.37	-0.08	-6.01	-4.70	-5.52	
-1.84	-1.45	-0.12	-5.80	-4.59	-5.49	
-1.94	-1.52	-0.15	-5.61	-4.49	-5.49	
-2.02	-1.59	-0.18	-5.42	-4.40	-5.50	
-2.09	-1.65	-0.20	-5.24	-4.31	-5.51	
-2.15	-1.70	-0.23	-5.07	-4.20	-5.51	
-2.18	-1.74	-0.24	-4.89	-4.10	-5.52	
-2.19	-1.75	-0.25	-4.72	-4.00	-5.52	
-2.17	-1.75	-0.24	-4.56	-3.90	-5.53	
-2.13	-1.73	-0.23	-4.40	-3.80	-5.53	
-2.08	-1.70	-0.21	-4.24	-3.69	-5.52	
-2.00	-1.66	-0.19	-4.09	-3.58	-5.49	
-1.90	-1.59	-0.15	-3.94	-3.46	-5.45	
-1.78	-1.51	-0.11	-3.80	-3.35	-5.41	
-1.64	-1.41	-0.05	-3.69	-3.27	-5.37	
-1.50	-1.29	0.02	-3.59	-3.19	-5.33	
-1.35	-1.17	0.08	-3.51	-3.13	-5.28	
-1.20	-1.04	0.14	-3.43	-3.06	-5.23	
-1.05	-0.92	0.20	-3.37	-3.00	-5.17	
-0.92	-0.79	0.25	-3.31	-2.94	-5.11	
-0.79	-0.67	0.31	-3.27	-2.88	-5.05	
-0.68	-0.56	0.34	-3.24	-2.82	-4.99	
-0.59	-0.47	0.36	-3.20	-2.74	-4.91	
-0.53	-0.40	0.37	-3.14	-2.63	-4.81	
-0.48	-0.35	0.35	-3.06	-2.49	-4.70	
-0.44	-0.32	0.34	-2.97	-2.33	-4.56	
-0.42	-0.29	0.32	-2.87	-2.14	-4.42	
-0.40	-0.27	0.29	-2.76	-1.94	-4.27	
-0.40	-0.27	0.27	-2.63	-1.72	-4.11	
-0.41	-0.28	0.23	-2.49	-1.48	-3.94	
-0.42	-0.30	0.19	-2.33	-1.23	-3.76	
-0.45	-0.34	0.14	-2.17	-0.98	-3.58	
-0.48	-0.38	0.09	-2.00	-0.74	-3.41	
-0.52	-0.43	0.04	-1.84	-0.50	-3.25	
-0.56	-0.47	-0.02	-1.68	-0.28	-3.08	
-0.61	-0.52	-0.08	-1.51	-0.05	-2.92	
-0.64	-0.57	-0.13	-1.34	0.17	-2.76	
-0.67	-0.60	-0.18	-1.18	0.39	-2.60	
-0.68	-0.60	-0.20	-1.01	0.59	-2.46	
-0.67	-0.59	-0.21	-0.86	0.78	-2.31	
-0.64	-0.57	-0.21	-0.70	0.95	-2.17	
-0.60	-0.53	-0.20	-0.54	1.12	-2.03	
-0.56	-0.49	-0.20	-0.38	1.27	-1.90	
-0.51	-0.45	-0.19	-0.23	1.40	-1.79	
-0.45	-0.40	-0.19	-0.10	1.50	-1.71	
-0.39	-0.35	-0.18	-0.00	1.55	-1.66	
-0.33	-0.30	-0.17	0.07	1.58	-1.64	
-0.28	-0.26	-0.17	0.13	1.58	-1.63	
-0.22	-0.22	-0.17	0.18	1.56	-1.65	
-0.16	-0.18	-0.17	0.22	1.53	-1.67	
-0.11	-0.15	-0.17	0.25	1.48	-1.71	
-0.04	-0.11	-0.16	0.26	1.42	-1.77	
0.02	-0.08	-0.16	0.28	1.35	-1.83	
0.08	-0.05	-0.15	0.31	1.30	-1.88	
0.13	-0.03	-0.16	0.35	1.26	-1.92	
0.17	-0.03	-0.16	0.41	1.24	-1.94	
0.21	-0.02	-0.17	0.47	1.24	-1.96	
0.25	-0.01	-0.17	0.55	1.24	-1.98	
0.29	-0.00	-0.17	0.65	1.27	-1.98	
0.32	0.02	-0.16	0.78	1.32	-1.96	
0.35	0.04	-0.13	0.94	1.41	-1.91	
0.37	0.06	-0.10	1.13	1.53	-1.84	
0.39	0.10	-0.05	1.34	1.67	-1.74	
0.41	0.14	0.01	1.56	1.81	-1.65	
0.42	0.19	0.08	1.79	1.95	-1.55	
0.43	0.24	0.15	2.01	2.09	-1.46	
0.44	0.29	0.22	2.23	2.22	-1.36	
0.44	0.34	0.29	2.44	2.35	-1.26	
0.43	0.39	0.36	2.63	2.45	-1.18	
0.43	0.43	0.42	2.79	2.52	-1.12	
0.43	0.48	0.48	2.92	2.56	-1.08	
0.43	0.52	0.54	3.02	2.58	-1.06	
0.43	0.55	0.57	3.11	2.59	-1.05	
0.42	0.57	0.59	3.18	2.60	-1.03	
0.41	0.58	0.59	3.23	2.59	-1.02	
0.41	0.58	0.58	3.26	2.58	-1.00	
0.41	0.57	0.56	3.27	2.57	-0.98	
0.41	0.56	0.54	3.28	2.55	-0.94	
0.42	0.55	0.51	3.29	2.54	-0.90	
0.43	0.54	0.48	3.30	2.54	-0.84	
0.45	0.54	0.46	3.32	2.54	-0.79	
0.48	0.55	0.45	3.33	2.53	-0.75	
0.51	0.57	0.45	3.35	2.51	-0.72	
0.55	0.60	0.46	3.37	2.49	-0.70	
0.59	0.64	0.47	3.40	2.49	-0.67	
0.64	0.69	0.50	3.45	2.51	-0.63	
0.69	0.74	0.53	3.51	2.54	-0.59	
0.75	0.82	0.57	3.57	2.58	-0.55	
0.82	0.90	0.63	3.63	2.61	-0.52	
0.90	1.00	0.70	3.69	2.65	-0.49	
0.98	1.11	0.77	3.75	2.70	-0.46	
1.07	1.22	0.84	3.83	2.76	-0.42	
1.16	1.33	0.92	3.90	2.83	-0.39	
1.26	1.45	1.00	3.95	2.88	-0.38	
1.36	1.57	1.08	3.98	2.91	-0.41	
1.46	1.68	1.15	3.98	2.90	-0.48	
1.55	1.79	1.22	3.97	2.88	-0.58	
1.62	1.87	1.27	3.96	2.85	-0.70	
1.69	1.94	1.30	3.94	2.82	-0.83	
1.74	2.00	1.32	3.92	2.79	-0.96	
1.78	2.04	1.32	3.90	2.74	-1.10	
1.81	2.07	1.32	3.87	2.69	-1.24	
1.82	2.08	1.31	3.84	2.64	-1.38	
1.82	2.09	1.28	3.81	2.59	-1.51	
1.80	2.07	1.24	3.78	2.53	-1.64	
1.77	2.05	1.19	3.75	2.47	-1.76	
1.73	2.01	1.12	3.71	2.40	-1.90	
1.67	1.96	1.05	3.68	2.31	-2.04	
1.61	1.90	0.96	3.65	2.22	-2.18	
1.54	1.84	0.86	3.63	2.14	-2.30	
1.46	1.77	0.76	3.63	2.08	-2.40	
1.38	1.71	0.65	3.66	2.04	-2.47	
1.32	1.65	0.56	3.70	2.02	-2.51	
1.26	1.60	0.48	3.78	2.02	-2.53	
1.20	1.57	0.41	3.88	2.05	-2.50	
1.16	1.54	0.36	4.00	2.10	-2.43	
1.12	1.52	0.31	4.15	2.18	-2.34	
1.08	1.50	0.28	4.30	2.26	-2.23	
1.04	1.49	0.26	4.45	2.34	-2.12	
1.01	1.49	0.24	4.59	2.41	-2.01	
0.98	1.48	0.23	4.71	2.47	-1.91	
0.94	1.47	0.21	4.82	2.52	-1.81	
0.90	1.45	0.20	4.93	2.56	-1.72	
0.85	1.42	0.17	5.02	2.59	-1.65	
0.79	1.39	0.14	5.09	2.61	-1.60	
0.72	1.35	0.11	5.15	2.61	-1.57	
0.64	1.31	0.07	5.20	2.60	-1.55	
0.56	1.26	0.03	5.25	2.59	-1.52	
0.48	1.21	-0.01	5.30	2.60	-1.49	
0.40	1.17	-0.03	5.36	2.62	-1.44	
0.32	1.14	-0.04	5.43	2.65	-1.38	
0.26	1.12	-0.04	5.50	2.69	-1.33	
0.20	1.11	-0.02	5.59	2.75	-1.28	
0.16	1.11	0.01	5.69	2.82	-1.23	
0.12	1.12	0.05	5.81	2.91	-1.18	
0.10	1.14	0.10	5.95	3.03	-1.12	
0.09	1.16	0.16	6.10	3.17	-1.05	
0.08	1.18	0.21	6.27	3.32	-0.97	
0.08	1.20	0.27	6.44	3.49	-0.88	
0.08	1.22	0.31	6.61	3.67	-0.77	
0.08	1.22	0.34	6.79	3.86	-0.65	
0.09	1.23	0.37	6.96	4.06	-0.51	
0.10	1.23	0.39	7.12	4.25	-0.38	
0.13	1.24	0.42	7.25	4.42	-0.26	
0.17	1.25	0.45	7.35	4.56	-0.17	
0.23	1.27	0.48	7.42	4.65	-0.11	
0.29	1.29	0.51	7.46	4.71	-0.07	
0.36	1.31	0.55	7.47	4.73	-0.07	
0.43	1.33	0.58	7.46	4.71	-0.08	
0.49	1.34	0.61	7.43	4.67	-0.12	
0.56	1.35	0.63	7.39	4.59	-0.18	
0.61	1.35	0.63	7.33	4.49	-0.25	
0.66	1.34	0.63	7.28	4.38	-0.32	
0.69	1.33	0.63	7.23	4.26	-0.39	
0.72	1.31	0.62	7.19	4.15	-0.44	
0.74	1.29	0.60	7.16	4.05	-0.47	
0.74	1.26	0.58	7.13	3.94	-0.48	
0.74	1.22	0.54	7.12	3.84	-0.49	
0.72	1.18	0.49	7.11	3.75	-0.48	
0.70	1.14	0.43	7.12	3.67	-0.45	
0.67	1.10	0.37	7.15	3.62	-0.39	
0.65	1.06	0.29	7.21	3.59	-0.31	
0.62	1.03	0.21	7.29	3.59	-0.21	
0.59	0.99	0.11	7.39	3.62	-0.09	
0.56	0.95	0.01	7.52	3.67	0.04	
0.53	0.91	-0.09	7.67	3.75	0.19	
0.49	0.87	-0.19	7.82	3.85	0.35	
0.46	0.83	-0.30	7.98	3.96	0.51	
0.42	0.78	-0.39	8.11	4.08	0.66	
0.38	0.74	-0.48	8.20	4.18	0.79	
0.34	0.69	-0.56	8.25	4.27	0.91	
0.30	0.64	-0.63	8.26	4.33	1.00	
0.26	0.59	-0.68	8.21	4.36	1.07	
0.23	0.54	-0.72	8.13	4.38	1.11	
0.19	0.49	-0.76	8.01	4.37	1.12	
0.16	0.44	-0.79	7.86	4.33	1.10	
0.13	0.38	-0.82	7.69	4.28	1.05	
0.11	0.33	-0.84	7.51	4.21	0.99	
0.09	0.28	-0.86	7.34	4.14	0.91	
0.08	0.24	-0.87	7.20	4.08	0.83	
0.07	0.21	-0.88	7.08	4.03	0.76	
0.07	0.19	-0.87	6.98	3.99	0.68	
0.07	0.17	-0.86	6.91	3.95	0.60	
0.08	0.16	-0.85	6.85	3.91	0.53	
0.08	0.15	-0.82	6.81	3.87	0.46	
0.09	0.16	-0.78	6.80	3.86	0.42	
0.11	0.17	-0.74	6.79	3.86	0.40	
0.12	0.20	-0.69	6.79	3.87	0.41	
0.14	0.23	-0.63	6.78	3.87	0.44	
0.16	0.27	-0.57	6.76	3.86	0.47	
0.18	0.32	-0.50	6.73	3.84	0.51	
0.21	0.38	-0.43	6.67	3.80	0.55	
0.25	0.45	-0.36	6.58	3.73	0.57	
0.30	0.53	-0.29	6.45	3.62	0.56	
0.35	0.61	-0.22	6.29	3.47	0.52	
0.42	0.68	-0.16	6.08	3.26	0.43	
0.48	0.75	-0.11	5.84	3.02	0.31	
0.54	0.80	-0.07	5.58	2.75	0.16	
0.60	0.85	-0.04	5.31	2.47	0.01	
0.65	0.88	-0.02	5.03	2.20	-0.15	
0.70	0.90	0.00	4.76	1.93	-0.31	
0.75	0.93	0.02	4.50	1.68	-0.44	
0.79	0.95	0.04	4.27	1.47	-0.54	
0.84	0.97	0.06	4.08	1.31	-0.61	
0.88	0.99	0.08	3.92	1.21	-0.63	
0.92	1.01	0.10	3.81	1.15	-0.62	
0.97	1.03	0.11	3.73	1.12	-0.59	
1.01	1.05	0.13	3.67	1.12	-0.56	
1.05	1.06	0.15	3.64	1.13	-0.52	
1.09	1.07	0.16	3.64	1.16	-0.49	
1.13	1.09	0.18	3.67	1.21	-0.46	
1.18	1.09	0.20	3.73	1.28	-0.42	
1.22	1.10	0.23	3.82	1.36	-0.40	
1.26	1.10	0.26	3.93	1.44	-0.38	
1.29	1.10	0.29	4.05	1.51	-0.38	
1.32	1.10	0.31	4.19	1.59	-0.39	
1.35	1.09	0.34	4.33	1.68	-0.38	
1.38	1.08	0.36	4.47	1.78	-0.37	
1.40	1.07	0.38	4.60	1.88	-0.37	
1.42	1.06	0.40	4.70	1.96	-0.38	
1.44	1.04	0.41	4.76	2.01	-0.42	
1.45	1.02	0.41	4.79	2.04	-0.48	
1.46	1.00	0.41	4.79	2.04	-0.56	
1.46	0.98	0.40	4.77	2.03	-0.63	
1.47	0.96	0.39	4.73	2.00	-0.72	
1.49	0.95	0.39	4.66	1.95	-0.80	
1.52	0.96	0.39	4.57	1.89	-0.88	
1.56	0.97	0.40	4.47	1.82	-0.95	
1.61	1.00	0.42	4.36	1.75	-0.99	
1.67	1.04	0.44	4.26	1.70	-1.01	
1.73	1.09	0.46	4.16	1.65	-0.99	
1.80	1.15	0.48	4.06	1.60	-0.97	
1.88	1.22	0.51	3.95	1.54	-0.96	
1.95	1.29	0.54	3.84	1.47	-0.95	
2.02	1.37	0.58	3.75	1.41	-0.95	
2.08	1.44	0.61	3.67	1.36	-0.93	
2.13	1.50	0.63	3.63	1.35	-0.89	
2.16	1.55	0.64	3.61	1.36	-0.84	
2.18	1.59	0.64	3.61	1.38	-0.78	
2.19	1.61	0.63	3.63	1.41	-0.72	
2.17	1.63	0.61	3.66	1.45	-0.66	
2.15	1.63	0.57	3.72	1.49	-0.59	
2.12	1.63	0.54	3.79	1.53	-0.53	
2.08	1.62	0.51	3.87	1.57	-0.47	
2.05	1.62	0.48	3.94	1.59	-0.42	
2.02	1.63	0.47	4.01	1.59	-0.39	
1.99	1.64	0.47	4.06	1.59	-0.37	
1.96	1.64	0.47	4.12	1.58	-0.34	
1.94	1.64	0.48	4.17	1.59	-0.31	
1.92	1.63	0.49	4.23	1.60	-0.26	
1.90	1.63	0.50	4.27	1.61	-0.22	
1.88	1.62	0.51	4.29	1.62	-0.18	
1.86	1.60	0.52	4.31	1.62	-0.14	
1.84	1.57	0.52	4.31	1.62	-0.10	
1.81	1.54	0.51	4.32	1.63	-0.04	
1.77	1.49	0.49	4.34	1.65	0.02	
1.74	1.44	0.47	4.35	1.67	0.08	
1.70	1.39	0.44	4.36	1.68	0.13	
1.66	1.33	0.40	4.37	1.69	0.18	
1.62	1.27	0.36	4.38	1.71	0.25	
1.58	1.21	0.31	4.42	1.75	0.34	
1.54	1.16	0.27	4.47	1.81	0.46	
1.51	1.11	0.23	4.52	1.88	0.60	
1.49	1.08	0.19	4.57	1.95	0.73	
1.48	1.05	0.17	4.60	2.01	0.85	
1.46	1.03	0.16	4.61	2.05	0.94	
1.44	1.02	0.16	4.62	2.07	1.01	
1.42	1.00	0.16	4.62	2.09	1.05	
1.39	0.98	0.16	4.60	2.09	1.06	
1.35	0.96	0.17	4.58	2.07	1.04	
1.29	0.93	0.19	4.54	2.03	0.98	
1.22	0.90	0.20	4.49	1.98	0.91	
1.13	0.85	0.20	4.46	1.93	0.83	
1.02	0.78	0.21	4.43	1.90	0.76	
0.90	0.71	0.20	4.41	1.88	0.68	
0.76	0.63	0.20	4.40	1.87	0.60	
0.63	0.54	0.19	4.40	1.87	0.53	
0.48	0.45	0.18	4.42	1.89	0.48	
0.34	0.35	0.17	4.46	1.95	0.45	
0.19	0.25	0.15	4.52	2.04	0.46	
0.05	0.16	0.12	4.61	2.16	0.50	
-0.09	0.07	0.11	4.72	2.31	0.56	
-0.22	-0.02	0.09	4.83	2.47	0.63	
-0.34	-0.09	0.08	4.94	2.64	0.72	
-0.44	-0.16	0.08	5.06	2.82	0.82	
-0.54	-0.21	0.08	5.18	3.01	0.94	
-0.63	-0.26	0.09	5.30	3.20	1.07	
-0.71	-0.30	0.09	5.40	3.39	1.21	
-0.78	-0.34	0.09	5.49	3.55	1.35	
-0.83	-0.37	0.09	5.56	3.69	1.47	
-0.88	-0.39	0.08	5.61	3.80	1.58	
-0.91	-0.41	0.06	5.64	3.88	1.68	
-0.92	-0.43	0.03	5.67	3.95	1.79	
-0.91	-0.43	-0.00	5.69	4.01	1.89	
-0.89	-0.42	-0.03	5.69	4.03	1.99	
-0.85	-0.40	-0.06	5.68	4.03	2.07	
-0.80	-0.37	-0.09	5.65	4.01	2.14	
-0.74	-0.34	-0.12	5.61	3.97	2.19	
-0.68	-0.29	-0.15	5.57	3.91	2.24	
-0.62	-0.24	-0.17	5.54	3.84	2.27	
-0.56	-0.19	-0.19	5.50	3.76	2.27	
-0.50	-0.13	-0.20	5.46	3.66	2.26	
-0.45	-0.09	-0.21	5.43	3.55	2.23	
-0.41	-0.05	-0.23	5.41	3.44	2.18	
-0.39	-0.02	-0.24	5.40	3.34	2.14	
-0.37	-0.01	-0.26	5.40	3.25	2.11	
-0.37	-0.00	-0.29	5.42	3.20	2.11	
-0.38	-0.01	-0.31	5.44	3.17	2.13	
-0.40	-0.02	-0.33	5.48	3.17	2.19	
-0.42	-0.04	-0.35	5.52	3.20	2.30	
-0.45	-0.06	-0.37	5.57	3.27	2.44	
-0.49	-0.10	-0.39	5.62	3.36	2.61	
-0.54	-0.14	-0.41	5.67	3.47	2.80	
-0.58	-0.18	-0.43	5.71	3.59	2.98	
-0.63	-0.22	-0.44	5.73	3.69	3.16	
-0.68	-0.27	-0.45	5.72	3.77	3.32	
-0.72	-0.31	-0.45	5.69	3.84	3.47	
-0.76	-0.35	-0.45	5.64	3.88	3.61	
-0.80	-0.38	-0.44	5.58	3.92	3.73	
-0.83	-0.41	-0.42	5.52	3.93	3.84	
-0.85	-0.42	-0.40	5.44	3.92	3.93	
-0.87	-0.44	-0.37	5.36	3.89	3.99	
-0.89	-0.44	-0.35	5.28	3.83	4.02	
-0.90	-0.45	-0.32	5.19	3.75	4.01	
-0.91	-0.45	-0.30	5.09	3.65	3.98	
-0.91	-0.44	-0.29	5.00	3.53	3.91	
-0.90	-0.43	-0.29	4.91	3.41	3.82	
-0.89	-0.42	-0.29	4.82	3.27	3.71	
-0.87	-0.40	-0.29	4.75	3.14	3.58	
-0.84	-0.38	-0.30	4.69	3.02	3.44	
-0.82	-0.36	-0.31	4.66	2.91	3.30	
-0.79	-0.33	-0.32	4.64	2.80	3.16	
-0.75	-0.31	-0.33	4.64	2.69	3.01	
-0.72	-0.27	-0.32	4.65	2.59	2.85	
-0.67	-0.23	-0.31	4.68	2.49	2.69	
-0.62	-0.17	-0.29	4.74	2.41	2.54	
-0.56	-0.10	-0.25	4.84	2.35	2.42	
-0.50	-0.02	-0.20	4.96	2.32	2.33	
-0.43	0.07	-0.14	5.11	2.32	2.28	
-0.36	0.17	-0.07	5.27	2.35	2.25	
-0.29	0.28	0.02	5.43	2.39	2.24	
-0.21	0.39	0.12	5.58	2.45	2.25	
-0.13	0.52	0.22	5.74	2.52	2.27	
-0.06	0.63	0.33	5.89	2.60	2.30	
0.01	0.75	0.43	6.03	2.70	2.35	
0.07	0.85	0.51	6.16	2.81	2.40	
0.11	0.93	0.58	6.27	2.92	2.45	
0.14	1.00	0.64	6.38	3.03	2.50	
0.16	1.04	0.68	6.47	3.15	2.57	
0.16	1.07	0.69	6.56	3.28	2.64	
0.14	1.07	0.69	6.65	3.42	2.72	
0.10	1.05	0.68	6.73	3.56	2.80	
0.05	1.01	0.65	6.80	3.69	2.87	
-0.01	0.97	0.62	6.87	3.81	2.93	
-0.08	0.90	0.58	6.92	3.92	2.99	
-0.17	0.83	0.52	6.98	4.03	3.05	
-0.27	0.75	0.46	7.06	4.15	3.11	
-0.37	0.66	0.40	7.14	4.26	3.17	
-0.47	0.58	0.35	7.22	4.37	3.22	
-0.56	0.51	0.30	7.30	4.46	3.26	
-0.66	0.46	0.27	7.38	4.53	3.29	
-0.75	0.41	0.25	7.47	4.59	3.30	
-0.85	0.37	0.24	7.57	4.65	3.31	
-0.95	0.33	0.23	7.67	4.71	3.31	
-1.04	0.30	0.24	7.77	4.74	3.28	
-1.13	0.28	0.26	7.86	4.75	3.24	
-1.21	0.28	0.30	7.94	4.75	3.19	
-1.29	0.28	0.35	8.02	4.73	3.12	
-1.35	0.29	0.40	8.10	4.71	3.07	
-1.42	0.29	0.45	8.19	4.69	3.02	
-1.48	0.29	0.49	8.28	4.67	2.99	
-1.53	0.29	0.53	8.36	4.65	2.96	
-1.57	0.29	0.57	8.44	4.63	2.94	
-1.61	0.29	0.60	8.51	4.61	2.93	
-1.64	0.28	0.61	8.58	4.61	2.94	
-1.67	0.26	0.62	8.65	4.63	2.96	
-1.69	0.23	0.61	8.72	4.65	2.99	
-1.70	0.21	0.61	8.77	4.67	3.04	
-1.69	0.18	0.60	8.81	4.70	3.09	
-1.68	0.16	0.59	8.84	4.74	3.16	
-1.67	0.14	0.58	8.86	4.79	3.25	
-1.65	0.11	0.56	8.88	4.84	3.36	
-1.65	0.07	0.54	8.89	4.90	3.47	
-1.64	0.03	0.51	8.87	4.95	3.57	
-1.63	-0.00	0.48	8.82	4.98	3.65	
-1.62	-0.03	0.46	8.75	4.99	3.72	
-1.62	-0.06	0.43	8.67	4.99	3.79	
-1.61	-0.09	0.40	8.56	4.98	3.85	
-1.61	-0.12	0.37	8.42	4.97	3.89	
-1.61	-0.14	0.34	8.25	4.92	3.91	
-1.60	-0.15	0.31	8.03	4.84	3.88	
-1.58	-0.16	0.28	7.78	4.71	3.81	
-1.56	-0.16	0.25	7.50	4.56	3.69	
-1.55	-0.17	0.21	7.21	4.40	3.56	
-1.54	-0.18	0.17	6.91	4.22	3.41	
-1.53	-0.19	0.13	6.61	4.03	3.26	
-1.52	-0.19	0.10	6.31	3.84	3.11	
-1.51	-0.18	0.07	6.01	3.65	2.96	
-1.51	-0.17	0.03	5.73	3.45	2.84	
-1.52	-0.17	-0.00	5.47	3.28	2.73	
-1.54	-0.18	-0.05	5.23	3.11	2.66	
-1.56	-0.20	-0.09	5.01	2.96	2.59	
-1.59	-0.21	-0.13	4.79	2.80	2.54	
-1.62	-0.22	-0.16	4.57	2.63	2.48	
-1.64	-0.23	-0.17	4.36	2.47	2.42	
-1.68	-0.24	-0.19	4.17	2.31	2.38	
-1.71	-0.25	-0.20	3.98	2.18	2.35	
-1.74	-0.26	-0.20	3.81	2.05	2.32	
-1.75	-0.27	-0.20	3.64	1.92	2.28	
-1.75	-0.26	-0.17	3.48	1.79	2.22	
-1.74	-0.24	-0.14	3.32	1.66	2.15	
-1.71	-0.22	-0.10	3.18	1.54	2.08	
-1.67	-0.19	-0.06	3.06	1.44	2.02	
-1.61	-0.16	-0.00	2.96	1.35	1.96	
-1.55	-0.11	0.06	2.86	1.27	1.89	
-1.47	-0.05	0.15	2.76	1.19	1.83	
-1.38	0.02	0.25	2.66	1.12	1.76	
-1.29	0.09	0.34	2.55	1.04	1.69	
-1.20	0.15	0.43	2.45	0.98	1.64	
-1.13	0.20	0.51	2.34	0.94	1.60	
-1.05	0.24	0.57	2.23	0.91	1.57	
-0.98	0.28	0.63	2.10	0.87	1.54	
-0.91	0.32	0.69	1.96	0.85	1.52	
-0.84	0.35	0.73	1.82	0.84	1.52	
-0.79	0.36	0.76	1.68	0.85	1.54	
-0.75	0.36	0.78	1.56	0.90	1.58	
-0.71	0.35	0.78	1.45	0.96	1.63	
-0.68	0.34	0.78	1.34	1.03	1.68	
-0.65	0.33	0.78	1.23	1.10	1.73	
-0.61	0.32	0.77	1.13	1.17	1.77	
-0.58	0.31	0.77	1.04	1.25	1.82	
-0.56	0.29	0.77	0.98	1.34	1.89	
-0.53	0.28	0.77	0.94	1.45	1.97	
-0.50	0.27	0.77	0.92	1.56	2.07	
-0.46	0.27	0.77	0.90	1.67	2.16	
-0.42	0.28	0.78	0.87	1.76	2.26	
-0.39	0.28	0.78	0.84	1.84	2.35	
-0.36	0.28	0.78	0.81	1.90	2.43	
-0.32	0.28	0.76	0.76	1.94	2.48	
-0.29	0.28	0.75	0.68	1.95	2.51	
-0.24	0.29	0.74	0.58	1.93	2.51	
-0.19	0.31	0.73	0.45	1.87	2.48	
-0.13	0.34	0.72	0.30	1.80	2.43	
-0.08	0.36	0.71	0.13	1.70	2.38	
-0.02	0.38	0.69	-0.06	1.59	2.32	
0.03	0.41	0.68	-0.28	1.44	2.23	
0.10	0.44	0.68	-0.52	1.26	2.11	
0.16	0.48	0.69	-0.79	1.05	1.95	
0.23	0.53	0.70	-1.07	0.80	1.77	
0.29	0.57	0.72	-1.34	0.55	1.57	
0.35	0.61	0.73	-1.60	0.29	1.36	
0.40	0.64	0.74	-1.84	0.05	1.14	
0.44	0.67	0.75	-2.06	-0.18	0.93	
0.48	0.70	0.76	-2.26	-0.40	0.74	
0.52	0.73	0.78	-2.43	-0.59	0.55	
0.56	0.76	0.79	-2.58	-0.75	0.39	
0.59	0.78	0.80	-2.70	-0.88	0.24	
0.62	0.81	0.81	-2.79	-0.97	0.12	
0.66	0.84	0.83	-2.87	-1.05	0.01	
0.70	0.87	0.86	-2.93	-1.10	-0.09	
0.74	0.91	0.90	-2.97	-1.12	-0.16	
0.78	0.95	0.94	-2.99	-1.12	-0.20	
0.80	0.98	0.98	-2.99	-1.08	-0.22	
0.82	1.00	1.02	-2.98	-1.02	-0.23	
0.84	1.03	1.05	-2.95	-0.94	-0.22	
0.85	1.05	1.10	-2.93	-0.85	-0.22	
0.86	1.07	1.14	-2.91	-0.77	-0.21	
0.86	1.09	1.19	-2.89	-0.67	-0.20	
0.85	1.10	1.23	-2.88	-0.57	-0.18	
0.82	1.10	1.26	-2.86	-0.47	-0.14	
0.79	1.08	1.29	-2.84	-0.35	-0.09	
0.76	1.07	1.32	-2.82	-0.24	-0.03	
0.72	1.06	1.36	-2.80	-0.12	0.06	
0.68	1.04	1.39	-2.78	0.00	0.16	
0.64	1.02	1.43	-2.75	0.14	0.28	
0.60	0.99	1.46	-2.71	0.28	0.43	
0.56	0.96	1.49	-2.67	0.44	0.61	
0.53	0.94	1.53	-2.62	0.58	0.79	
0.51	0.93	1.58	-2.59	0.72	0.96	
0.50	0.94	1.63	-2.58	0.84	1.13	
0.50	0.95	1.68	-2.57	0.94	1.28	
0.52	0.98	1.72	-2.57	1.03	1.44	
0.54	1.02	1.77	-2.57	1.11	1.60	
0.58	1.07	1.82	-2.58	1.18	1.75	
0.63	1.14	1.88	-2.59	1.24	1.91	
0.68	1.21	1.94	-2.61	1.29	2.05	
0.74	1.29	1.99	-2.64	1.32	2.18	
0.79	1.36	2.03	-2.67	1.34	2.29	
0.84	1.42	2.06	-2.70	1.35	2.40	
0.88	1.47	2.07	-2.74	1.35	2.51	
0.91	1.51	2.07	-2.78	1.35	2.61	
0.93	1.53	2.05	-2.82	1.34	2.71	
0.95	1.55	2.03	-2.85	1.34	2.81	
0.95	1.55	1.98	-2.87	1.33	2.90	
0.94	1.54	1.93	-2.87	1.34	3.00	
0.91	1.52	1.88	-2.86	1.36	3.10	
0.88	1.50	1.82	-2.82	1.38	3.20	
0.85	1.48	1.76	-2.76	1.40	3.29	
0.81	1.45	1.70	-2.68	1.43	3.38	
0.77	1.42	1.64	-2.57	1.46	3.46	
0.72	1.37	1.57	-2.45	1.51	3.54	
0.67	1.32	1.50	-2.31	1.56	3.61	
0.62	1.27	1.43	-2.16	1.61	3.67	
0.57	1.24	1.38	-2.00	1.65	3.71	
0.54	1.21	1.35	-1.85	1.69	3.73	
0.51	1.19	1.34	-1.69	1.72	3.73	
0.49	1.17	1.34	-1.53	1.75	3.72	
0.48	1.16	1.35	-1.36	1.79	3.71	
0.47	1.16	1.37	-1.20	1.84	3.70	
0.46	1.17	1.41	-1.04	1.90	3.70	
0.47	1.18	1.46	-0.90	1.96	3.70	
0.48	1.20	1.50	-0.78	2.02	3.71	
0.48	1.22	1.54	-0.68	2.08	3.73	
0.48	1.23	1.57	-0.59	2.13	3.74	
0.48	1.23	1.59	-0.52	2.16	3.75	
0.47	1.22	1.60	-0.47	2.18	3.75	
0.47	1.22	1.61	-0.43	2.17	3.72	
0.46	1.21	1.60	-0.42	2.13	3.65	
0.44	1.18	1.59	-0.42	2.05	3.56	
0.41	1.15	1.55	-0.43	1.94	3.45	
0.38	1.10	1.50	-0.46	1.82	3.30	
0.34	1.04	1.45	-0.51	1.66	3.14	
0.28	0.96	1.38	-0.57	1.49	2.95	
0.21	0.88	1.30	-0.64	1.29	2.75	
0.12	0.77	1.20	-0.73	1.09	2.54	
-0.00	0.65	1.10	-0.81	0.89	2.35	
-0.14	0.51	0.99	-0.89	0.71	2.17	
-0.30	0.37	0.90	-0.97	0.54	2.02	
-0.46	0.23	0.81	-1.04	0.40	1.90	
-0.62	0.12	0.75	-1.10	0.27	1.79	
-0.77	0.02	0.71	-1.15	0.16	1.71	
-0.93	-0.06	0.68	-1.19	0.07	1.65	
-1.08	-0.13	0.66	-1.21	0.02	1.61	
-1.22	-0.19	0.65	-1.21	-0.01	1.59	
-1.35	-0.23	0.66	-1.18	-0.02	1.59	
-1.47	-0.25	0.67	-1.13	0.00	1.60	
-1.58	-0.28	0.68	-1.05	0.04	1.63	
-1.69	-0.31	0.68	-0.95	0.11	1.68	
-1.79	-0.34	0.67	-0.83	0.19	1.74	
-1.88	-0.38	0.66	-0.72	0.27	1.80	
-1.92	-0.40	0.65	-0.65	0.31	1.84	
						
						
						
						
						
						
						
						
						
						
						
						
						
						
						
						
						
						
						
						
						
						
						
						
						
						
						
						
						
						
						
						
						
						
						
						
						
						
						
						
						
						
						
						
						
						
						
						
						
						
						
						
						
						
						
						
						
						
						
						
						
						
						
						
						
						
						
						
						
						
						
						
						
						
						
						
						
						
						
						
						
						
						
						
						
						
						
						
						
						
						
						
						
						
						
						
						
						
						
						
						
						
						
						
						
						
						
						
						
						
						
						
						
						
						
						
						
						
						
						
						
						
						
						
						
						
						
						
						
						
						
						
						
						
						
						
						
						
						
						
						
						
						
						
						
						
						
						
						
						
						
						
						
						
						
						
						
						
						
						
						
						
						
						
						
						
						
						
						
						
						
						
						
						
						
						
						
						
						
						
						
						
						
						
						
						
						
						
						
						
						
						
						
						
						
						
						
						
						
						
						
						
						
						
						
						
						
						
						
						
						
						
						
						
						
						
						
						
						
						
						
						
						
						
						
						
						
						
						
						
						
						
						
						
						
						
						
						
						
						
						
						
						
						
						
						
						
						
						
						
						
						
						
						
						
						
						
						
						
						
						
						
						
						
						
						
						
						
						
						
						
						
						
						
						
						
						
						
						
						
						
						
						
						
						
						
						
						
						
						
						
						
						
						
						
						
						
						
						
						
						
						
						
						
						
						
						
						
						
						
						
						
						
						
						
						
						
						
						
						
						
						
						
						
						
						
						
						
						
						
						
						
						
						
						
						
						
						
						
						
						
						
						
						
						
						
						
						
						
						
						
						
						
						
						
						
						
						
						
						
						
						
						
						
						
						
						
						
						
						
						
						
						
						
						
						
						
						
						
						
						
						
						
						
						
						
						
						
						
						
						
						
						
						
						
						
						
						
						
						
						
						
						
						
						
						
						
						
						
						
						
						
						
						
						
						
						
						
						
						
						
						
						
						
						
						
						
						
						
						
						
						
						
						
						
						
						
						
						
						
						
						
						
						
						
						
						
						
						
						
						
						
						
						
						
						
						
						
						
						
						
						
						
						
						
						
						
						
						
						
						
						
						
						
						
						
						
						
						
						
						
						
						
						
						
						
						
						
						
						
						
						
						
						
						
						
						
						
						
						
						
						
						
						
						
						
						
						
						
						
						
						
						
						
						
						
						
						
						
						
						
						
						
						
						
						
						
						
						
						
						
						
						
						
						
						
						
						
						
						
						
						
						
						
						
						
						
						
						
						
						
						
						
						
						
						
						
						
						
						
						
						
						
						
						
						
						
						
						
						
						
						
						
						
						
						
						
						
						
						
						
						
						
						
						
						
						
						
						
						
						
						
						
						
						
						
						
						
						
						
						
						
						
						
						
						
						
						
						
						
						
						
						
						
						
						
						
						
						
						
						
						
						
						
						
						
						
						
						
						
						
						
						
						
						
						
						
						
						
						
						
						
						
						
						
						
						
						
						
						
						
						
						
						
						
						
						
						
						
						
						
						
						
						
						
						
						
						
						
						
						
						
						
						
						
						
						
						
						
						
						
						
						
						
						
						
						
						
						
						
						
						
						
						
						
						
						
						
						
						
						
						
						
						
						
						
						
						
						
						
						
						
						
						
						
						
						
						
						
						
						
						
						
						
						
						
						
						
						
						
						
						
						
						
						
						
						
						
						
						
						
						
						
						
						
						
						
						
						
						
						
						
						
						
						
						
						
						
						
						
						
						
						
						
						
						
						
						
						
						
						
						
						
						
						
						
						
						
						
						
						
						
						
						
						
						
						
						
						
						
						
						
						
						
						
						
						
						
						
						
						
						
						
						
						
						
						
						
						
						
						
						
						
						
						
						
						
						
						
						
						
						
						
						
						
						
						
						
						
						
						
						
						
						
						
						
						
						
						
						
						
						
						
						
						
						
						
						
						
						
						
						
						
						
						
						
						
						
						
						
						
						
						
						
						
						
						
						
						
						
						
						
						
						
						
						
						
						
						
						
						
						
						
						
						
						
						
						
						
						
						
						
						
						
						
						
						
						
						
						
						
						
						
						
						
						
						
						
						
						
						
						
						
						
						
						
						
						
						
						
						
						
						
						
						
						
						
						
						
						
						
						
						
						
						
						
						
						
						
						
						
						
						
						
						
						
						
						
						
						
						
						
						
						
						
						
						
						
						
						
						
						
						
						
						
						
						
						
						
						
						
						
						
						
						
						
						
						
						
						
						
						
						
						
						
						
						
						
						
						
						
						
						
						
						
						
						
						
						
						
						
						
						
						
						
						
						
						
						
						
						
						
						
						
						
						
						
						
						
						
						
						
						
						
						
						
						
						
						
						
						
						
						
						
						
						
						
						
						
						
						
						
						
						
						
						
						
						
						
						
						
						
						
						
						
						
						
						
						
						
						
						
						
						
						
						
						
						
						
						
						
						
						
						
						
						
						
						
						
						
						
						
						
						
						
						
						
						
						
						
						
						
						
						
						
						
						
						
						
						
						
						
						
						
						
						
						
						
						
						
						
						
						
						
						
						
						
						
						
						
						
						
						
						
						
						
						
						
						
						
						
						
						
						
						
						
						
						
						
						
						
						
						
						
						
						
						
						
						
						
						
						
						
						
						
						
						
						
						
						
						
						
						
						
						
						
						
						
						
						
						
						
						
						
						
						
						
						
						
						
						
						
						
						
						
						
						
						
						
						
						
						
						
						
						
						
						
						
						
						
						
						
						
						
						
						
						
						
						
						
						
						
						
						
						
						
						
						
						
						
						
						
						
						
						
						
						
						
						
						
						
						
						
						
						
						
						
						
						
						
						
						
						
						
						
						
						
						
						
						
						
						
						
						
						
						
						
						
						
						
						
						
						
						
						
						
						
						
						
						
						
						
						
						
						
						
						
						
						
						
						
						
						
						
						
						
						
						
						
						
						
						
						
						
						
						
						
						
						
						
						
						
						
						
						
						
						
						
						
						
						
						
						
						
						
						
						
						
						
						
						
						
						
						
						
						
						
						
						
						
						
						
						
						
						
						
						
						
						
						
						
						
						
						
						
						
						
						
						
						
						
						
						
						
						
						
						
						
						
						
						
						
						
						
						
						
						
						
						
						
						
						
						
						
						
						
						
						
						
						
						
						
						
						
						
						
						
						
						
						
						
						
						
						
						
						
						
						
						
						
						
						
						
						
						
						
						
						
						
						
						
						
						
						
						
						
						
						
						
						
						
						
						
						
						
						
						
						
						
						
						
						
						
						
						
						
						
						
						
						
						
						
						
						
						
						
						
						
						
						
						
						
						
						
						
						
						
						
						
						
						
						
						
						
						
						
						
						
						
						
						
						
						
						
						
						
						
						
						
						
						
						
						
						
						
						
						
						
						
						
						
						
						
						
						
						
						
						
						
						
						
						
						
						
						
						
						
						
						
						
						
						
						
						
						
						
						
						
						
						
						
						
						
						
						
						
						
						
						
						
						
						
						
						
						
						
						
						
						
						
						
						
						
						
						
						
						
						
						
						
						
						
						
						
						
						
						
						
						
						
						
						
						
						
						
						
						
						
						
						
						
						
						
						
						
						
						
						
						
						
						
						
						
						
						
						
						
						
						
						
						
						
						
						
						
						
						
						
						
						
						
						
						
						
						
						
						
						
						
						
						
						
						
						
						
						
						
						
						
						
						
						
						
						
						
						
						
						
						
						
						
						
						
						
						
						
						
						
						
						
						
						
						
						
						
						
						
						
						
						
						
						
						
						
						
						
						
						
						
						
						
						
						
						
						
						
						
						
						
						
						
						
						
						
						
						
						
						
						
						
						
						
						
						
						
						
						
						
						
						
						
						
						
						
						
						
						
						
						
						
						
						
						
						
						
						
						
						
						
						
						
						
						
						
						
						
						
						
						
						
						
						
						
						
						
						
						
						
						
						
						
						
						
						
						
						
						
						
						
						
						
						
						
						
						
						
						
						
						
						
						
						
						
						
						
						
						
						
						
						
						
						
						
						
						
						
						
						
						
						
						
						
						
						
						
						
						
						
						
						
						
						
						
						
						
						
						
						
						
						
						
						
						
						
						
						
						
						
						
						
						
						
						
						
						
						
						
						
						
						
						
						
						
						
						
						
						
						
						
						
						
						
						
						
						
						
						
						
						
						
						
						
						
						
						
						
						
						
						
						
						
						
						
						
						
						
						
						
						
						
						
						
						
						
						
						
						
						
						
						
						
						
						
						
						
						
						
						
						
						
						
						
						
						
						
						
						
						
						
						
						
						
						
						
						
						
						
						
						
						
						
						
						
						
						
						
						
						
						
						
						
						
						
						
						
						
						
						
						
						
						
						
						
						
						
						
						
						
						
						
						
						
						
						
						
						
						
						
						
						
						
						
						
						
						
						
						
						
						
						
						
						
						
						
						
						
						
						
						
						
						
						
						
						
						
						
						
						
						
						
						
						
						
						
						
						
						
						
						
						
						
						
						
						
						
						
						
						
						
						
						
						
						
						
						
						
						
						
						
						
						
						
						
						
						
						
						
						
						
						
						
						
						
						
						
						
						
						
						
						
						
						
						
						
						
						
						
						
						
						
						
						
						
						
						
						
						
						
						
						
						
						
						
						
						
						
						
						
						
						
						
						
						
						
						
						
						
						
						
						
						
						
						
						
						
						
						
						
						
						
						
						
						
						
						
						
						
						
						
						
						
						
						
						
						
						
						
						
						
						
						
						
						
						
						
						
						
						
						
						
						
						
						
						
						
						
						
						
						
						
						
						
						
						
						
						
						
						
						
						
						
						
						
						
						
						
						
						
						
						
						
						
						
						
						
						
						
						
						
						
						
						
						
						
						
						
						
						
						
						
						
						
						
						
						
						
						
						
						
						
						
						
						
						
						
						
						
						
						
						
						
						
						
						
						
						
						
						
						
						
						
						
						
						
						
						
						
						
						
						
						
						
						
						
						
						
						
						
						
						
						
						
						
						
						
						
						
						
						
						
						
						
						
						
						
						
						
						
						
						
						
						
						
						
						
						
						
						
						
						
						
						
						
						
						
						
						
						
						
						
						
						
						
						
						
						
						
						
						
						
						
						
						
						
						
						
						
						
						
						
						
						
						
						
						
						
						
						
						
						
						
						
						
						
						
						
						
						
						
						
						
						
						
						
						
						
						
						
						
						
						
						
						
						
						
						
						
						
						
						
						
						
						
						
						
						
						
						
						
						
						
						
						
						
						
						
						
						
						
						
						
						
						
						
						
						
						
						
						
						
						
						
						
						
						
						
						
						
						
						
						
						
						
						
						
						
						
						
						
						
						
						
						
						
						
						
						
						
						
						
						
						
						
						
						
						
						
						
						
						
						
						
						
						
						
						
						
						
						
						
						
						
						
						
						
						
						
						
						
						
						
						
						
						
						
						
						
						
						
						
						
						
						
						
						
						
						
						
						
						
						
						
						
						
						
						
						
						
						
						
						
						
						
						
						
						
						
						
						
						
						
						
						
						
						
						
						
						
						
						
						
						
						
						
						
						
						
						
						
						
						
						
						
						
						
						
						
						
						
						
						
						
						
						
						
						
						
						
						
						
						
						
						
						
						
						
						
						
						
						
						
						
						
						
						
						
						
						
						
						
						
						
						
						
						
						
						
						
						
						
						
						
						
						
						
						
						
						
						
						
						
						
						
						
						
						
						
						
						
						
						
						
						
						
						
						
						
						
						
						
						
						
						
						
						
						
						
						
						
						
						
						
						
						
						
						
						
						
						
						
						
						
						
						
						
						
						
						
						
						
						
						
						
						
						
						
						
						
						
						
						
						
						
						
						
						
						
						
						
						
						
						
						
						
						
						
						
						
						
						
						
						
						
						
						
						
						
						
						
						
						
						
						
						
						
						
						
						
						
						
						
						
						
						
						
						
						
						
						
						
						
						
						
						
						
						
						
						
						
						
						
						
						
						
						
						
						
						
						
						
						
						
						
						
						
						
						
						
						
						
						
						
						
						
						
						
						
						
						
						
						
						
						
						
						
						
						
						
						
						
						
						
						
						
						
						
						
						
						
						
						
						
						
						
						
						
						
						
						
						
						
						
						
						
						
						
						
						
						
						
						
						
						
						
						
						
						
						
						
						
						
						
						
						
						
						
						
						
						
						
						
						
						
						
						
						
						
						
						
						
						
						
						
						
						
						
						
						
						
						
						
						
						
						
						
						
						
						
						
						
						
						
						
						
						
						
						
						
						
						
						
						
						
						
						
						
						
						
						
						
						
						
						
						
						
						
						
						
						
						
						
						
						
						
						
						
						
						
						
						
						
						
						
						
						
						
						
						
						
						
						
						
						
						
						
						
						
						
						
						
						
						
						
						
						
						
						
						
						
						
						
						
						
						
						
						
						
						
						
						
						
						
						
						
						
						
						
						
						
						
						
						
						
						
						
						
						
						
						
						
						
						
						
						
						
						
						
						
						
						
						
						
						
						
						
						
						
						
						
						
						
						
						
						
						
						
						
						
						
						
						
						
						
						
						
						
						
						
						
						
						
						
						
						
						
						
						
						
						
						
						
						
						
						
						
						
						
						
						
						
						
						
						
						
						
						
						
						
						
						
						
						
						
						
						
						
						
						
						
						
						
						
						
						
						
						
						
						
						
						
						
						
						
						
						
						
						
						
						
						
						
						
						
						
						
						
						
						
						
						
						
						
						
						
						
						
						
						
						
						
						
						
						
						
						
						
						
						
						
						
						
						
						
						
						
						
						
						
						
						
						
						
						
						
						
						
						
						
						
						
						
						
						
						
						
						
						
						
						
						
						
						
						
						
						
						
						
						
						
						
						
						
						
						
						
						
						
						
						
						
						
						
						
						
						
						
						
						
						
						
						
						
						
						
						
						
						
						
						
						
						
						
						
						
						
						
						
						
						
						
						
						
						
						
						
						
						
						
						
						
						
						
						
						
						
						
						
						
						
						
						
						
